id 	description 	genome_fraction 	observed_region_hits 	fold_enrichment 	p_value 	p_adjust 	mean_tss_dist 	observed_gene_hits 	gene_set_size 	fold_enrichment_hyper 	p_value_hyper 	p_adjust_hyper 	regions_empirical_p_value 	regions_empirical_p_adjust 	genes_empirical_p_value 	genes_empirical_p_adjust
GO:0001227 	DNA-binding transcription repressor activity, RNA polymerase II-specific 	0.0331583154944428 	206 	2.15118406425535 	0 	0 	222649 	47 	136 	2.30414182881566 	1.02118029587928e-08 	5.16425463916091e-07 	0.0025994801039792 	0.0525837689604936 	0.908418316336733 	1
GO:0001217 	DNA-binding transcription repressor activity 	0.0333420010119111 	206 	2.13933290517611 	0 	0 	222649 	47 	137 	2.28732327532065 	1.33121575984774e-08 	6.28333838648132e-07 	0.00339932013597281 	0.0617107347761217 	0.930613877224555 	1
GO:0003700 	DNA-binding transcription factor activity 	0.120180215113978 	698 	2.01106105912112 	0 	0 	208645 	172 	596 	1.92412129300499 	0 	0 	0.0001999600079984 	0.00832774621546279 	0.996400719856029 	1
GO:0000981 	DNA-binding transcription factor activity, RNA polymerase II-specific 	0.105267783858299 	598 	1.96701881926274 	0 	0 	209667 	152 	522 	1.94143718453074 	0 	0 	0.0001999600079984 	0.00832774621546279 	0.98880223955209 	1
GO:0000978 	RNA polymerase II cis-regulatory region sequence-specific DNA binding 	0.0847997341170733 	458 	1.87013861858087 	0 	0 	201048 	116 	409 	1.89097130996181 	1.52167167755124e-12 	8.97786289755231e-11 	0.0001999600079984 	0.00832774621546279 	0.995600879824035 	1
GO:0000987 	cis-regulatory region sequence-specific DNA binding 	0.0876161185103672 	473 	1.86930403012002 	0 	0 	202735 	121 	426 	1.89376475551845 	4.41979786103275e-13 	3.12921688561119e-11 	0.0001999600079984 	0.00832774621546279 	0.994401119776045 	1
GO:0043565 	sequence-specific DNA binding 	0.131230138996215 	698 	1.84172441286138 	0 	0 	203905 	190 	702 	1.80454097280101 	0 	0 	0.0001999600079984 	0.00832774621546279 	0.99500099980004 	1
GO:1990837 	sequence-specific double-stranded DNA binding 	0.117344516953518 	620 	1.8294969890093 	0 	0 	192764 	172 	622 	1.84369178558035 	0 	0 	0.0001999600079984 	0.00832774621546279 	0.991801639672066 	1
GO:0000976 	transcription cis-regulatory region binding 	0.106202309135125 	560 	1.8258154531066 	0 	0 	197991 	152 	538 	1.88369927569711 	6.66133814775094e-16 	6.73746772658238e-14 	0.0001999600079984 	0.00832774621546279 	0.992001599680064 	1
GO:0001067 	transcription regulatory region nucleic acid binding 	0.106216242267843 	560 	1.82557594803201 	0 	0 	197991 	152 	539 	1.8802044718461 	7.7715611723761e-16 	6.87783163755284e-14 	0.0001999600079984 	0.00832774621546279 	0.992001599680064 	1
GO:0140110 	transcription regulator activity 	0.156529946568368 	822 	1.8183487889766 	0 	0 	201592 	221 	846 	1.74169525695094 	0 	0 	0.0001999600079984 	0.00832774621546279 	1 	1
GO:0000977 	RNA polymerase II transcription regulatory region sequence-specific DNA binding 	0.0961985293787951 	502 	1.80691654855751 	0 	0 	196609 	135 	483 	1.86353217818843 	7.16093850883226e-14 	5.63327162694804e-12 	0.0001999600079984 	0.00832774621546279 	0.994401119776045 	1
GO:0003690 	double-stranded DNA binding 	0.120848602753857 	630 	1.80510191554008 	0 	0 	191122 	180 	663 	1.81012778695829 	1.11022302462516e-16 	1.31006316905768e-14 	0.0001999600079984 	0.00832774621546279 	0.984403119376125 	1
GO:0008134 	transcription factor binding 	0.0563651033637611 	292 	1.79380551453052 	0 	0 	197188 	83 	338 	1.63723737653727 	2.15580912454882e-06 	8.03322557989772e-05 	0.0001999600079984 	0.00832774621546279 	0.915816836632673 	1
GO:0140297 	DNA-binding transcription factor binding 	0.0493918597507931 	254 	1.78066059767557 	0 	0 	215156 	70 	283 	1.64915647021465 	1.01708924138411e-05 	0.000360049591449974 	0.000399920015996801 	0.0149022827013545 	0.943211357728454 	1
GO:0003677 	DNA binding 	0.179549580054601 	895 	1.72600262833904 	0 	0 	197984 	258 	1148 	1.49840107660842 	1.31927802016207e-12 	8.49135307522498e-11 	0.0001999600079984 	0.00832774621546279 	0.998600279944011 	1
GO:0003676 	nucleic acid binding 	0.25798818260618 	1099 	1.47502944654594 	0 	0 	187249 	349 	1909 	1.21890471521133 	1.34749661089284e-05 	0.000454298857386729 	0.0001999600079984 	0.00832774621546279 	1 	1
GO:1901363 	heterocyclic compound binding 	0.386114434666384 	1410 	1.26446230179467 	0 	0 	179068 	548 	3291 	1.11020437568593 	0.00142200437918305 	0.03355930334872 	0.0001999600079984 	0.00832774621546279 	1 	1
GO:0097159 	organic cyclic compound binding 	0.390749534056809 	1414 	1.25300773434696 	0 	0 	179471 	551 	3334 	1.10188497673314 	0.00269260775497893 	0.0544676083007166 	0.0001999600079984 	0.00832774621546279 	1 	1
GO:0003674 	molecular_function 	0.881006239772211 	2677 	1.05213676853346 	2.22044604925031e-16 	7.86037901434611e-15 	173794 	1639 	10523 	1.03845968650297 	0.000401364140064642 	0.0113666324466307 	0.562887422515497 	1 	1 	1
GO:0061629 	RNA polymerase II-specific DNA-binding transcription factor binding 	0.0351848423586804 	185 	1.82061840982922 	2.1538326677728e-14 	7.26149299420545e-13 	188752 	52 	214 	1.62009256446454 	0.000215576698832431 	0.00693765012606188 	0.000999800039992002 	0.029494101179764 	0.909018196360728 	1
GO:0015651 	quaternary ammonium group transmembrane transporter activity 	0.00102713024404786 	22 	7.41651662581262 	1.21158638677343e-12 	3.89910528107087e-11 	72026 	4 	9 	2.96324622902061 	0.0338719938520862 	0.221375605735635 	0.000399920015996801 	0.0149022827013545 	0.206758648270346 	1
GO:1990756 	ubiquitin ligase-substrate adaptor activity 	0.00314014326184316 	34 	3.74914524717745 	1.70218839024017e-10 	5.23977991430451e-09 	344395 	4 	25 	1.06676864244742 	0.528919114066519 	0.801873089419905 	0.000799840031993601 	0.0269660353643557 	0.861027794441112 	1
GO:0048185 	activin binding 	0.00316074692029684 	34 	3.72470605286231 	2.00873540023849e-10 	5.92576943070355e-09 	356864 	4 	7 	3.80988800874078 	0.0120771743285766 	0.131548298840496 	0.0973805238952209 	0.488974545516429 	0.648070385922815 	1
GO:0015101 	organic cation transmembrane transporter activity 	0.00154852698620058 	23 	5.14294486995528 	4.68836969247377e-10 	1.32774629690857e-08 	69597 	5 	15 	2.22243467176546 	0.0615819681806917 	0.290666889812865 	0.000999800039992002 	0.029494101179764 	0.340131973605279 	1
GO:0001228 	DNA-binding transcription activator activity, RNA polymerase II-specific 	0.0533113222644353 	233 	1.51334964006197 	5.89233328796013e-10 	1.60452767995222e-08 	186203 	68 	250 	1.81350669216061 	3.72799180636818e-07 	1.55259894053451e-05 	0.0843831233753249 	0.455817927323626 	0.99620075984803 	1
GO:0005488 	binding 	0.799495725555463 	2436 	1.05502791040329 	6.95291380026219e-10 	1.82320850762431e-08 	179712 	1343 	8236 	1.08720122541805 	9.89936252970836e-08 	4.38046791939595e-06 	0.819836032793441 	1 	1 	1
GO:0001216 	DNA-binding transcription activator activity 	0.0534561188090991 	233 	1.50925043114761 	7.42165884304313e-10 	1.87661945031233e-08 	186203 	68 	254 	1.78494753165415 	7.02399551411048e-07 	2.76277156888346e-05 	0.0915816836632673 	0.473283445500681 	0.996600679864027 	1
GO:0047498 	calcium-dependent phospholipase A2 activity 	0.000433413084402513 	13 	10.3859002036283 	9.12890207871442e-10 	2.22871126611373e-08 	170767 	1 	7 	0.952472002185195 	0.679470247215829 	0.861930335602362 	0.0001999600079984 	0.00832774621546279 	0.189162167566487 	1
GO:0035005 	1-phosphatidylinositol-4-phosphate 3-kinase activity 	0.000762945706279422 	16 	7.26154713158201 	1.81233117402257e-09 	4.27710157069328e-08 	243317 	2 	5 	2.66692160611855 	0.164737152654822 	0.472202040808154 	0.0015996800639872 	0.0390542581138945 	0.641471705658868 	1
GO:0140767 	enzyme-substrate adaptor activity 	0.00365302306904728 	35 	3.31755736121533 	2.10051098736841e-09 	4.79729606147366e-08 	335799 	5 	31 	1.07537161537038 	0.505975154885639 	0.786742940025288 	0.0011997600479904 	0.0326703889991233 	0.829634073185363 	1
GO:0043621 	protein self-association 	0.00625502407009711 	48 	2.65714383009567 	3.29897953399438e-09 	7.29899221896257e-08 	335860 	8 	37 	1.44157924655057 	0.180879929843171 	0.485087084579413 	0.022995400919816 	0.232582055017568 	0.665066986602679 	1
GO:0030957 	Tat protein binding 	0.00162343199212305 	21 	4.47907160837395 	2.69623672277675e-08 	5.78465333250284e-07 	300948 	1 	7 	0.952472002185195 	0.679470247215829 	0.861930335602362 	0.0343931213757249 	0.281552678228399 	0.998400319936013 	1
GO:0046982 	protein heterodimerization activity 	0.0199986590705398 	103 	1.78336056526592 	3.57495271163799e-08 	7.27185168614142e-07 	112621 	35 	163 	1.43162969653603 	0.0163292105116268 	0.162832127355377 	0.0025994801039792 	0.0525837689604936 	0.828834233153369 	1
GO:0017002 	activin receptor activity 	0.00246063583633934 	26 	3.65871696662591 	3.5948419352394e-08 	7.27185168614142e-07 	418593 	3 	5 	4.00038240917782 	0.026580407950995 	0.20455357423157 	0.428314337132573 	0.969766046790642 	0.857028594281144 	1
GO:0004675 	transmembrane receptor protein serine/threonine kinase activity 	0.00413270787959361 	35 	2.93248734885151 	4.21073341749789e-08 	8.28110905441252e-07 	348255 	5 	12 	2.77804333970682 	0.0238585644829726 	0.194430691606285 	0.165966806638672 	0.643648319516425 	0.805438912217556 	1
GO:0001972 	retinoic acid binding 	0.00270545950956997 	27 	3.45561648135704 	6.15815656246355e-08 	1.17837158006059e-06 	356748 	1 	7 	0.952472002185195 	0.679470247215829 	0.861930335602362 	0.0011997600479904 	0.0326703889991233 	0.999800039992002 	1
GO:0008503 	benzodiazepine receptor activity 	0.00158724775410535 	20 	4.36302885817348 	8.63680233997854e-08 	1.60917264650127e-06 	295918 	3 	6 	3.33365200764818 	0.047289552068545 	0.254122161250445 	0.00459908018396321 	0.0740033811419534 	0.787642471505699 	1
GO:0016922 	nuclear receptor binding 	0.0116946090488248 	68 	2.01338123171867 	1.19911370388692e-07 	2.17685257013318e-06 	184085 	16 	77 	1.38541382136028 	0.106079520563397 	0.379314649287298 	0.0025994801039792 	0.0525837689604936 	0.88502299540092 	1
GO:0046983 	protein dimerization activity 	0.0808966230420211 	311 	1.33116781096636 	2.53237746106194e-07 	4.48230810607964e-06 	190688 	113 	640 	1.17719586520076 	0.0326218598349698 	0.221375605735635 	0.0191961607678464 	0.205922451873262 	0.997000599880024 	1
GO:0051059 	NF-kappaB binding 	0.00112192668082026 	16 	4.93808222916638 	3.31323191771205e-07 	5.72138584814665e-06 	106821 	3 	16 	1.25011950286807 	0.438596085655009 	0.751879003980016 	0.00579884023195361 	0.0855328934213157 	0.741651669666067 	1
GO:0004386 	helicase activity 	0.00898592288869366 	55 	2.11935062937186 	4.03602232745826e-07 	6.8035804948582e-06 	167208 	15 	91 	1.09900615636753 	0.388820173846039 	0.718758963663173 	0.000799840031993601 	0.0269660353643557 	0.768246350729854 	1
GO:0005237 	inhibitory extracellular ligand-gated monoatomic ion channel activity 	0.00280619886574054 	26 	3.20817251870948 	4.26877544645876e-07 	7.02858840951815e-06 	241760 	5 	11 	3.03059273422562 	0.0158426118430768 	0.160236702641405 	0.00679864027194561 	0.0962687462507499 	0.851429714057189 	1
GO:0005501 	retinoid binding 	0.00325577596041622 	28 	2.9778740848883 	6.68546924376123e-07 	1.05184716101843e-05 	345791 	2 	15 	0.888973868706182 	0.681509658722516 	0.861930335602362 	0.00439912017596481 	0.0724320252228624 	0.958608278344331 	1
GO:0019840 	isoprenoid binding 	0.00325577596041622 	28 	2.9778740848883 	6.68546924376123e-07 	1.05184716101843e-05 	345791 	2 	15 	0.888973868706182 	0.681509658722516 	0.861930335602362 	0.00439912017596481 	0.0724320252228624 	0.958608278344331 	1
GO:0022851 	GABA-gated chloride ion channel activity 	0.00182655815131012 	20 	3.79139736189921 	7.50776496749594e-07 	1.15554295586677e-05 	282834 	4 	8 	3.33365200764818 	0.021310920108857 	0.190989005532542 	0.0175964807038592 	0.194661067786443 	0.707858428314337 	1
GO:0017022 	myosin binding 	0.00428624915669873 	33 	2.66587227667948 	8.03496511325719e-07 	1.2103734681247e-05 	164728 	5 	28 	1.19059000273149 	0.412980779246754 	0.738359575016924 	0.0313937212557489 	0.267792224687593 	0.970805838832234 	1
GO:0050681 	nuclear androgen receptor binding 	0.00250167014249276 	23 	3.1834688292406 	2.17436658211945e-06 	3.20719070862618e-05 	221310 	4 	15 	1.77794773741236 	0.177200993691775 	0.483770574826407 	0.00379924015196961 	0.0656063909169386 	0.499500099980004 	1
GO:0000340 	RNA 7-methylguanosine cap binding 	0.000486203471286806 	10 	7.12171772231916 	2.28110104938395e-06 	3.2959582509466e-05 	21562 	2 	10 	1.33346080305927 	0.455693581394711 	0.755576242687248 	0.0031993601279744 	0.0596091308054179 	0.298140371925615 	1
GO:0070016 	armadillo repeat domain binding 	0.00104366526627117 	14 	4.64482778724894 	3.51690841393637e-06 	4.9799423141339e-05 	117898 	3 	6 	3.33365200764818 	0.047289552068545 	0.254122161250445 	0.00959808038392321 	0.12821586626071 	0.383323335332933 	1
GO:0099095 	ligand-gated monoatomic anion channel activity 	0.00321571916502261 	26 	2.7996132812298 	4.83696495545693e-06 	6.63488878800753e-05 	233589 	6 	14 	2.85741600655559 	0.0114822047460447 	0.131548298840496 	0.0255948810237952 	0.243503299340132 	0.820835832833433 	1
GO:0015026 	coreceptor activity 	0.00225557195670804 	21 	3.22378016911368 	4.8730821606835e-06 	6.63488878800753e-05 	415729 	3 	11 	1.81835564053537 	0.221090052143174 	0.547313835375409 	0.227754449110178 	0.72563424534824 	0.472705458908218 	1
GO:0000339 	RNA cap binding 	0.000661918960023131 	11 	5.75427581919526 	5.40304054541529e-06 	7.21764661538496e-05 	19734 	3 	13 	1.53860861891455 	0.30795388521963 	0.63197492966811 	0.001999600079984 	0.0456682856976992 	0.246350729854029 	1
GO:0061778 	intracellular chloride channel activity 	0.00212786022399673 	20 	3.25454072506001 	7.06722799526105e-06 	9.23400157961028e-05 	290371 	2 	10 	1.33346080305927 	0.455693581394711 	0.755576242687248 	0.0153969206158768 	0.180389728505912 	0.982403519296141 	1
GO:0000295 	adenine nucleotide transmembrane transporter activity 	0.0014338468079451 	16 	3.86384805844494 	7.30373006296858e-06 	9.23400157961028e-05 	205902 	3 	12 	1.66682600382409 	0.264089383559092 	0.58982739293324 	0.0353929214157169 	0.281552678228399 	0.340731853629274 	1
GO:0005346 	purine ribonucleotide transmembrane transporter activity 	0.0014338468079451 	16 	3.86384805844494 	7.30373006296858e-06 	9.23400157961028e-05 	205902 	3 	12 	1.66682600382409 	0.264089383559092 	0.58982739293324 	0.0353929214157169 	0.281552678228399 	0.340731853629274 	1
GO:0015216 	purine nucleotide transmembrane transporter activity 	0.00181908889259378 	18 	3.42626850506599 	1.01443582163352e-05 	0.00012600360731869 	201711 	4 	14 	1.90494400437039 	0.146369253555486 	0.458159670332047 	0.016996600679864 	0.191009417164186 	0.234353129374125 	1
GO:0140416 	transcription regulator inhibitor activity 	0.00166708068300282 	17 	3.53097882592874 	1.21120780158801e-05 	0.000147850883366261 	223066 	4 	9 	2.96324622902061 	0.0338719938520862 	0.221375605735635 	0.00479904019196161 	0.0753040881185465 	0.409518096380724 	1
GO:0098821 	BMP receptor activity 	0.00202888269400389 	19 	3.24264551512234 	1.24259436706797e-05 	0.000149111324048157 	455698 	2 	5 	2.66692160611855 	0.164737152654822 	0.472202040808154 	0.385522895420916 	0.922129087695974 	0.80123975204959 	1
GO:0005231 	excitatory extracellular ligand-gated monoatomic ion channel activity 	0.00560245057429983 	36 	2.22498597638708 	1.38018941224782e-05 	0.000162862350645243 	193495 	9 	36 	1.66682600382409 	0.079799453928686 	0.332341255185351 	0.0107978404319136 	0.136515554032051 	0.837632473505299 	1
GO:0003713 	transcription coactivator activity 	0.0231952172945625 	103 	1.53759369837673 	2.10947030792052e-05 	0.000244836881640612 	175326 	31 	144 	1.43532239218186 	0.0220102862539069 	0.192379612902647 	0.152169566086783 	0.615634587368241 	0.99000199960008 	1
GO:0001046 	core promoter sequence-specific DNA binding 	0.0050595159156221 	33 	2.25843598248252 	2.30800986582569e-05 	0.000263559836291063 	247208 	7 	28 	1.66682600382409 	0.114973734592082 	0.402977247976208 	0.110577884423115 	0.528980690348417 	0.912017596480704 	1
GO:0070567 	cytidylyltransferase activity 	0.000932322273225205 	12 	4.45674717108891 	2.54161388758556e-05 	0.00028562898927152 	125172 	3 	7 	2.85741600655559 	0.0736988353735213 	0.32032762820541 	0.0103979204159168 	0.136328289897576 	0.321535692861428 	1
GO:0033293 	monocarboxylic acid binding 	0.00426406917804239 	29 	2.35492221801791 	3.39122059707098e-05 	0.000375153778550977 	339483 	3 	37 	0.540592217456462 	0.931069633112531 	0.987489676921984 	0.0025994801039792 	0.0525837689604936 	0.900619876024795 	1
GO:0097200 	cysteine-type endopeptidase activity involved in execution phase of apoptosis 	0.000304441256699944 	7 	7.96154483447805 	3.73155075201748e-05 	0.000406451989604365 	73019 	2 	6 	2.22243467176546 	0.223460952947961 	0.549341509330404 	0.0157968406318736 	0.180389728505912 	0.0769846030793841 	1
GO:0071837 	HMG box domain binding 	0.00280579421281046 	22 	2.71499901777385 	3.89247833010309e-05 	0.000415173499752539 	331219 	4 	9 	2.96324622902061 	0.0338719938520862 	0.221375605735635 	0.160367926414717 	0.630780510564554 	0.865226954609078 	1
GO:0005545 	1-phosphatidylinositol binding 	0.0014739939533991 	15 	3.52369547052559 	3.92890176319494e-05 	0.000415173499752539 	143319 	5 	10 	3.33365200764818 	0.00984316171959687 	0.12015445685301 	0.0911817636472705 	0.473283445500681 	0.625474905018996 	1
GO:0004791 	thioredoxin-disulfide reductase (NADP) activity 	0.000682725425527278 	10 	5.07173711223971 	4.0943521520731e-05 	0.000422573286790928 	84621 	1 	5 	1.33346080305927 	0.556313406833316 	0.815633034063895 	0.108578284343131 	0.528469648536046 	0.791441711657668 	1
GO:0003730 	mRNA 3'-UTR binding 	0.00983501161053543 	52 	1.83075942146496 	4.11829898143701e-05 	0.000422573286790928 	233004 	12 	48 	1.66682600382409 	0.0474555443981528 	0.254122161250445 	0.0887822435512897 	0.469088271897859 	0.96880623875225 	1
GO:0016917 	GABA receptor activity 	0.00469544842491514 	30 	2.21231513889683 	7.5482179626718e-05 	0.000763448331081662 	208899 	9 	19 	3.15819663882459 	0.000834125905223582 	0.021872634848085 	0.00699860027994401 	0.0971570391803992 	0.308338332333533 	1
GO:0008395 	steroid hydroxylase activity 	0.00105031656858967 	12 	3.95606884438561 	7.80773411312996e-05 	0.000778574049590988 	136128 	3 	12 	1.66682600382409 	0.264089383559092 	0.58982739293324 	0.0721855628874225 	0.425894821035793 	0.519096180763847 	1
GO:0005518 	collagen binding 	0.00473655674122442 	30 	2.19311457708068 	8.7677419756016e-05 	0.00086216129426749 	154970 	4 	39 	0.683826052850909 	0.856826446881327 	0.95047975641456 	0.174165166966607 	0.666534801147878 	0.998600279944011 	1
GO:0004969 	histamine receptor activity 	0.00141872662922076 	14 	3.41689887926151 	9.62285876558999e-05 	0.000933285480279139 	222807 	3 	7 	2.85741600655559 	0.0736988353735213 	0.32032762820541 	0.154769046190762 	0.622593663085565 	0.616876624675065 	1
GO:0097153 	cysteine-type endopeptidase activity involved in apoptotic process 	0.000363550380786817 	7 	6.66708891745804 	0.000111562059118109 	0.00106737753858947 	73019 	2 	9 	1.4816231145103 	0.400496012341572 	0.725194825416453 	0.0157968406318736 	0.180389728505912 	0.0769846030793841 	1
GO:0016668 	oxidoreductase activity, acting on a sulfur group of donors, NAD(P) as acceptor 	0.000796318519545441 	10 	4.34826491300603 	0.000142504989788961 	0.00134524710360779 	84621 	1 	8 	0.833413001912046 	0.727569253228632 	0.879735898018756 	0.112377524495101 	0.533981794245178 	0.794441111777644 	1
GO:0042826 	histone deacetylase binding 	0.00859144779680921 	45 	1.81363116206217 	0.000158843606686832 	0.00147975359913522 	140758 	18 	57 	2.10546442588306 	0.00121409556744467 	0.0306992736339582 	0.143571285742851 	0.605050418487731 	0.267946410717856 	1
GO:0015215 	nucleotide transmembrane transporter activity 	0.00238502725335081 	18 	2.61325608411933 	0.000294005905670747 	0.00270332702876479 	201711 	4 	17 	1.56877741536385 	0.24424662916689 	0.567869829754906 	0.0257948410317936 	0.243503299340132 	0.363527294541092 	1
GO:0004623 	phospholipase A2 activity 	0.00180328051553706 	15 	2.88025394408903 	0.00033932239843204 	0.00308000330884467 	155573 	2 	24 	0.555608667941364 	0.894246257387092 	0.965131631448264 	0.0027994401119776 	0.0550556555355596 	0.798240351929614 	1
GO:0015605 	organophosphate ester transmembrane transporter activity 	0.00244144990489719 	18 	2.55286293939825 	0.00038553500684424 	0.003455174491718 	201711 	4 	21 	1.26996266958026 	0.38862595689797 	0.718758963663173 	0.0273945210957808 	0.248657960715549 	0.391921615676865 	1
GO:0030332 	cyclin binding 	0.00379925560296889 	24 	2.18733619843458 	0.000435338946957575 	0.00385274968057454 	273568 	4 	18 	1.4816231145103 	0.279634983239834 	0.601800472139067 	0.157768446310738 	0.62752842689889 	0.872425514897021 	1
GO:0004089 	carbonate dehydratase activity 	0.00146183129739645 	13 	3.07927806003902 	0.000446020496125854 	0.00389854952169265 	130629 	2 	13 	1.02573907927636 	0.601779266982114 	0.838700238234915 	0.00859828034393121 	0.117068893913525 	0.682063587282543 	1
GO:0070573 	metallodipeptidase activity 	0.000462304919141237 	7 	5.24290920196967 	0.000469749797083363 	0.0040558884918905 	30740 	3 	5 	4.00038240917782 	0.026580407950995 	0.20455357423157 	0.140971805638872 	0.598500659149607 	0.344731053789242 	1
GO:0005254 	chloride channel activity 	0.00728740230701478 	38 	1.80556722169386 	0.000529902120144365 	0.00452012892846037 	218999 	14 	46 	2.02917948291629 	0.00593922317663831 	0.0840994001811984 	0.0583883223355329 	0.379256258839975 	0.827034593081384 	1
GO:0043515 	kinetochore binding 	0.000341047448723109 	6 	6.09171050728647 	0.000547428701296093 	0.00461404191092421 	59559 	2 	6 	2.22243467176546 	0.223460952947961 	0.549341509330404 	0.0215956808638272 	0.221590464515792 	0.0353929214157169 	1
GO:0042802 	identical protein binding 	0.140978361684373 	469 	1.15192232299616 	0.000635796716650039 	0.00529581265162621 	193988 	175 	1139 	1.02438823764431 	0.372568805164355 	0.695986052919165 	0.281343731253749 	0.785424524290544 	1 	1
GO:0017069 	snRNA binding 	0.000814189569257577 	9 	3.8275404254397 	0.000743137044546316 	0.00611791892486967 	40152 	2 	18 	0.740811557255152 	0.776087942361619 	0.897827227437951 	0.0031993601279744 	0.0596091308054179 	0.179564087182563 	1
GO:0042923 	neuropeptide binding 	0.00304752003237454 	20 	2.27240762412208 	0.000795012361995751 	0.00643684207255892 	70654 	9 	23 	2.6089450494638 	0.00419157361959732 	0.0706579553017834 	0.00499900019996001 	0.0753040881185465 	0.165166966606679 	1
GO:0001727 	lipid kinase activity 	0.00469167006228305 	27 	1.99268711286247 	0.000800059466645742 	0.00643684207255892 	207500 	4 	26 	1.02573907927636 	0.561556609875494 	0.818070123028498 	0.00499900019996001 	0.0753040881185465 	0.968606278744251 	1
GO:1901505 	carbohydrate derivative transmembrane transporter activity 	0.00261417615227361 	18 	2.38418783492792 	0.000834738782860889 	0.00664039391309561 	194068 	4 	31 	0.860297292296305 	0.70408741538744 	0.876932941560864 	0.0429914017196561 	0.307453660782995 	0.573085382923415 	1
GO:0003724 	RNA helicase activity 	0.00375841641449909 	23 	2.11897460029825 	0.000856766254717312 	0.00673989453710952 	101292 	6 	35 	1.14296640262223 	0.431068191299525 	0.751714973990305 	0.0719856028794241 	0.425894821035793 	0.898820235952809 	1
GO:1990226 	histone methyltransferase binding 	0.0015749755246252 	13 	2.85806666273272 	0.00087581561587724 	0.00681403797847347 	134260 	4 	10 	2.66692160611855 	0.0498912152737456 	0.254122161250445 	0.0245950809838032 	0.243503299340132 	0.353129374125175 	1
GO:0015932 	nucleobase-containing compound transmembrane transporter activity 	0.00310720201429116 	20 	2.22876006271273 	0.000999694587052069 	0.00769330182209636 	182592 	5 	31 	1.07537161537038 	0.505975154885639 	0.786742940025288 	0.0247950409918016 	0.243503299340132 	0.471705658868226 	1
GO:0008186 	ATP-dependent activity, acting on RNA 	0.00382678353626397 	23 	2.08111821434319 	0.00108009861262048 	0.00817826997852242 	101292 	6 	37 	1.08118443491292 	0.487209095565913 	0.780416379322775 	0.0745850829834033 	0.436415196299583 	0.905818836232753 	1
GO:0001671 	ATPase activator activity 	0.00223933489744987 	16 	2.4740230732327 	0.00108581550562303 	0.00817826997852242 	338605 	2 	15 	0.888973868706182 	0.681509658722516 	0.861930335602362 	0.105178964207159 	0.517129907351863 	0.977804439112178 	1
GO:0004890 	GABA-A receptor activity 	0.00408894577055292 	24 	2.03236965560331 	0.00116717499382135 	0.0086985252171107 	245122 	8 	17 	3.1375548307277 	0.0017243272790296 	0.0389779921202538 	0.0183963207358528 	0.200378385861289 	0.313337332533493 	1
GO:0030547 	signaling receptor inhibitor activity 	0.00225994528409954 	16 	2.45146032692273 	0.00119094484397886 	0.00878321822434408 	350858 	3 	11 	1.81835564053537 	0.221090052143174 	0.547313835375409 	0.0521895620875825 	0.348586886396306 	0.838032393521296 	1
GO:0003729 	mRNA binding 	0.0207985752525965 	85 	1.41510332349878 	0.00124864903383592 	0.00906510237407984 	182153 	25 	153 	1.08942876066934 	0.35348072273439 	0.665955138886057 	0.140571885622875 	0.598500659149607 	0.992601479704059 	1
GO:0034713 	type I transforming growth factor beta receptor binding 	0.00164045913382426 	13 	2.7439787732216 	0.00125477405742913 	0.00906510237407984 	191020 	4 	5 	5.33384321223709 	0.00222174450987822 	0.0462645621468759 	0.19876024795041 	0.695665651558684 	0.218156368726255 	1
GO:0019904 	protein domain specific binding 	0.0555167893456287 	199 	1.24117078791302 	0.00131629896486163 	0.00941353199113165 	211404 	69 	330 	1.39407265774379 	0.00218134669170256 	0.0462645621468759 	0.789042191561688 	1 	0.999200159968006 	1
GO:0051287 	NAD binding 	0.00273029328095772 	18 	2.28279028633259 	0.00134239081484522 	0.00950412696910414 	46129 	6 	41 	0.975703026628737 	0.593026271843497 	0.838700238234915 	0.160167966406719 	0.630780510564554 	0.88122375524895 	1
GO:0003756 	protein disulfide isomerase activity 	0.00107131334592317 	10 	3.23211121311344 	0.00137094446518837 	0.00951596746424871 	90092 	3 	11 	1.81835564053537 	0.221090052143174 	0.547313835375409 	0.0507898420315937 	0.342468649127317 	0.324135172965407 	1
GO:0016864 	intramolecular oxidoreductase activity, transposing S-S bonds 	0.00107131334592317 	10 	3.23211121311344 	0.00137094446518837 	0.00951596746424871 	90092 	3 	11 	1.81835564053537 	0.221090052143174 	0.547313835375409 	0.0507898420315937 	0.342468649127317 	0.324135172965407 	1
GO:0016884 	carbon-nitrogen ligase activity, with glutamine as amido-N-donor 	0.000559802246016957 	7 	4.3297838333575 	0.00141015875498807 	0.00969313008283059 	41432 	1 	9 	0.740811557255152 	0.768453408339515 	0.896635217276249 	0.013997200559888 	0.173303270380407 	0.109578084383123 	1
GO:0070403 	NAD+ binding 	0.000906996382359553 	9 	3.43589406850503 	0.0015533661141498 	0.0105748385463275 	48448 	3 	12 	1.66682600382409 	0.264089383559092 	0.58982739293324 	0.0823835232953409 	0.455817927323626 	0.530693861227754 	1
GO:0005253 	monoatomic anion channel activity 	0.00804248371335634 	39 	1.67910257651216 	0.00165334731080646 	0.011148284724295 	215942 	15 	56 	1.78588500409724 	0.0156939058544222 	0.160236702641405 	0.0709858028394321 	0.425894821035793 	0.865626874625075 	1
GO:0034481 	chondroitin sulfotransferase activity 	0.000585013757550832 	7 	4.14318925563188 	0.00180422618856024 	0.0120508692594401 	41098 	1 	5 	1.33346080305927 	0.556313406833316 	0.815633034063895 	0.0105978804239152 	0.136423624366036 	0.0943811237752449 	1
GO:0016814 	hydrolase activity, acting on carbon-nitrogen (but not peptide) bonds, in cyclic amidines 	0.00196117397427487 	14 	2.4718079542919 	0.00216729632665258 	0.0143406149464488 	188696 	5 	17 	1.96097176920481 	0.0985501787687095 	0.371135779618332 	0.325734853029394 	0.846318648358241 	0.229554089182164 	1
GO:0008373 	sialyltransferase activity 	0.00357401674708535 	21 	2.0345366736108 	0.00225009445748603 	0.0146218539918776 	142552 	3 	23 	0.869648349821265 	0.692190633532921 	0.86432269584005 	0.0017996400719856 	0.0424715056988602 	0.921815636872625 	1
GO:0003712 	transcription coregulator activity 	0.0421665000613155 	154 	1.26460815209827 	0.00225110463999245 	0.0146218539918776 	168516 	51 	256 	1.32825197179732 	0.018894486563408 	0.180774276849903 	0.314937012597481 	0.831010006177203 	0.999000199960008 	1
GO:0051082 	unfolded protein binding 	0.00315953872853176 	19 	2.0822493198171 	0.00276488146819365 	0.0177957825407373 	329250 	2 	47 	0.283715064480696 	0.995566447662163 	0.99757083110099 	0.0815836832633473 	0.455817927323626 	0.99500099980004 	1
GO:0017171 	serine hydrolase activity 	0.0116072837931105 	51 	1.52139640015307 	0.00279580278194058 	0.0178326880145399 	194175 	15 	115 	0.869648349821265 	0.759892134029172 	0.896635217276249 	0.12377524495101 	0.561749188623814 	0.984403119376125 	1
GO:0005344 	oxygen carrier activity 	0.000330995523918638 	5 	5.23059018611908 	0.00302095238822397 	0.0190967347398444 	111778 	1 	6 	1.11121733588273 	0.622883897610387 	0.854686735293181 	0.0211957608478304 	0.220685274709764 	0.0211957608478304 	1
GO:0070628 	proteasome binding 	0.00100647468236799 	9 	3.09629595746283 	0.00308614889038039 	0.0193362249061002 	36930 	4 	10 	2.66692160611855 	0.0498912152737456 	0.254122161250445 	0.0849830033993201 	0.455817927323626 	0.340531893621276 	1
GO:0008236 	serine-type peptidase activity 	0.0114471142817874 	50 	1.51243527096844 	0.00341011680086556 	0.0211318604001724 	196484 	14 	112 	0.833413001912046 	0.807775171013001 	0.922110601970336 	0.130773845230954 	0.582313725934059 	0.992201559688062 	1
GO:0090482 	vitamin transmembrane transporter activity 	0.00102319617173722 	9 	3.04569502543551 	0.0034324349520054 	0.0211318604001724 	82181 	1 	21 	0.317490667395065 	0.967130257662474 	0.99451028314792 	0.0613877224555089 	0.388058102665181 	0.569286142771446 	1
GO:0106222 	lncRNA binding 	0.00207017363277567 	14 	2.34166127546664 	0.00348216248140876 	0.0212531985934259 	470613 	1 	8 	0.833413001912046 	0.727569253228632 	0.879735898018756 	0.260147970405919 	0.778049432130381 	0.992001599680064 	1
GO:0004860 	protein kinase inhibitor activity 	0.00627423787549407 	31 	1.71081687292824 	0.00355254961816065 	0.0214974797406644 	229841 	12 	40 	2.00019120458891 	0.0118475709955331 	0.131548298840496 	0.195160967806439 	0.694476030167101 	0.54129174165167 	1
GO:0035035 	histone acetyltransferase binding 	0.00327721679868485 	19 	2.00748005779209 	0.00405988050003203 	0.0243467261772245 	171262 	6 	9 	4.44486934353091 	0.00063050904307671 	0.017169246249935 	0.261547690461908 	0.778049432130381 	0.295940811837632 	1
GO:0001537 	N-acetylgalactosamine 4-O-sulfotransferase activity 	0.00125076009991967 	10 	2.76839969418494 	0.00409217572752785 	0.0243467261772245 	81878 	2 	5 	2.66692160611855 	0.164737152654822 	0.472202040808154 	0.0507898420315937 	0.342468649127317 	0.649670065986803 	1
GO:0016805 	dipeptidase activity 	0.000685119702127769 	7 	3.53780909694145 	0.00426626200050284 	0.0251709458029668 	30740 	3 	9 	2.22243467176546 	0.140761379872437 	0.446901600671233 	0.210557888422316 	0.706516516601893 	0.470705858828234 	1
GO:0005515 	protein binding 	0.604885565136576 	1816 	1.03955012403702 	0.00440907082083553 	0.0257985300921616 	181176 	917 	5305 	1.15248214552814 	2.27873542257839e-09 	1.24103436860423e-07 	0.966406718656269 	1 	1 	1
GO:0016836 	hydro-lyase activity 	0.0045632028492795 	24 	1.82114396005677 	0.00457665263328066 	0.0265595906914976 	136524 	6 	44 	0.909177820267686 	0.664197450148791 	0.861930335602362 	0.0639872025594881 	0.393938603583631 	0.920215956808638 	1
GO:0016860 	intramolecular oxidoreductase activity 	0.00240948136225073 	15 	2.1556115347258 	0.00537180213018518 	0.0309206171396025 	195674 	4 	24 	1.11121733588273 	0.495130991409101 	0.786742940025288 	0.0337932413517297 	0.281477822082642 	0.713057388522295 	1
GO:0004181 	metallocarboxypeptidase activity 	0.00267572953384545 	16 	2.07052549030397 	0.0059803653946322 	0.0341459572532226 	99642 	4 	24 	1.11121733588273 	0.495130991409101 	0.786742940025288 	0.0287942411517696 	0.251682996733987 	0.794841031793641 	1
GO:0042803 	protein homodimerization activity 	0.0503632122889385 	176 	1.21004648998993 	0.00634338708103988 	0.0359289444270098 	213412 	62 	410 	1.00822646084969 	0.493506823983153 	0.786742940025288 	0.129774045190962 	0.581519139210133 	0.999200159968006 	1
GO:0035673 	oligopeptide transmembrane transporter activity 	0.000740934893693614 	7 	3.27130323502313 	0.00644234276953792 	0.0361998308002607 	46529 	3 	5 	4.00038240917782 	0.026580407950995 	0.20455357423157 	0.0405918816236753 	0.299197892380287 	0.141171765646871 	1
GO:0004983 	neuropeptide Y receptor activity 	0.00093949260780556 	8 	2.94848844948696 	0.00677934705320471 	0.0377935253044798 	44903 	2 	13 	1.02573907927636 	0.601779266982114 	0.838700238234915 	0.137572485502899 	0.59755410881014 	0.574285142971406 	1
GO:0019210 	kinase inhibitor activity 	0.00687789738646639 	32 	1.61100577507525 	0.0071932818642565 	0.0395843529584663 	223027 	13 	44 	1.96988527724665 	0.0102993839042056 	0.123592606850467 	0.235552889422116 	0.744515382637758 	0.527694461107778 	1
GO:0003746 	translation elongation factor activity 	0.000408438020899036 	5 	4.23883637289032 	0.00721240329327988 	0.0395843529584663 	22217 	1 	8 	0.833413001912046 	0.727569253228632 	0.879735898018756 	0.0465906818636273 	0.326596066925229 	0.0465906818636273 	1
GO:0050431 	transforming growth factor beta binding 	0.00298483535270604 	17 	1.97211098677894 	0.00743977664290196 	0.0405181681782661 	163589 	7 	15 	3.11140854047164 	0.00358406502895225 	0.0634379510124549 	0.181763647270546 	0.688174664532334 	0.105778844231154 	1
GO:0004252 	serine-type endopeptidase activity 	0.00969508435742444 	42 	1.50003194938183 	0.00772871524776986 	0.0417704610337485 	150249 	12 	102 	0.784388707681926 	0.856122769409327 	0.95047975641456 	0.127374525094981 	0.574402316988832 	0.991601679664067 	1
GO:0008514 	organic anion transmembrane transporter activity 	0.0167170526045589 	66 	1.3670583048435 	0.00833684248027289 	0.0447157914851 	141316 	25 	125 	1.33346080305927 	0.0776415721201089 	0.330084547449765 	0.117576484703059 	0.551285769336199 	0.869826034793041 	1
GO:0004143 	ATP-dependent diacylglycerol kinase activity 	0.00161266591737311 	11 	2.36184334578874 	0.00841975998259736 	0.0448209779524732 	155402 	2 	10 	1.33346080305927 	0.455693581394711 	0.755576242687248 	0.0939812037592481 	0.478695627780919 	0.79624075184963 	1
GO:0001530 	lipopolysaccharide binding 	0.00230933120381445 	14 	2.09915555696635 	0.0086680731628398 	0.0457984761141088 	117686 	6 	18 	2.22243467176546 	0.0417734297972328 	0.246463235803673 	0.191361727654469 	0.694476030167101 	0.354329134173165 	1
GO:0016835 	carbon-oxygen lyase activity 	0.0058995821266454 	28 	1.64338603151859 	0.00888731066641824 	0.046609007050549 	131091 	9 	54 	1.11121733588273 	0.422153681962591 	0.746250314299999 	0.0409918016396721 	0.299197892380287 	0.767846430713857 	1
GO:0061630 	ubiquitin protein ligase activity 	0.018288541962492 	71 	1.34425628817466 	0.00917837908272023 	0.0477815616953377 	231176 	27 	151 	1.19216694313246 	0.186986333722389 	0.499571035001703 	0.701659668066387 	1 	0.913817236552689 	1
GO:0052742 	phosphatidylinositol kinase activity 	0.00282134884076139 	16 	1.96365870286747 	0.0095576327597513 	0.0493927298825104 	243317 	2 	14 	0.952472002185195 	0.643405407957794 	0.859492507234185 	0.00379924015196961 	0.0656063909169386 	0.79624075184963 	1
GO:0004697 	diacylglycerol-dependent serine/threonine kinase activity 	0.00259126376142555 	15 	2.00439102128189 	0.00998206107675692 	0.0512123133503181 	201230 	3 	12 	1.66682600382409 	0.264089383559092 	0.58982739293324 	0.357728454309138 	0.89180192130588 	0.966006798640272 	1
GO:0044877 	protein-containing complex binding 	0.111720532307377 	363 	1.12506195754425 	0.0101381776701601 	0.0516390632408156 	142036 	140 	838 	1.11386940589677 	0.0853817429035952 	0.343467465771281 	0.547090581883623 	1 	1 	1
GO:0004620 	phospholipase activity 	0.00706607733885393 	32 	1.56810234004168 	0.0102911756079394 	0.0520439452172933 	160132 	12 	69 	1.15953113309502 	0.336564087500671 	0.665607189805796 	0.000999800039992002 	0.029494101179764 	0.359128174365127 	1
GO:0043425 	bHLH transcription factor binding 	0.0065230782817289 	30 	1.59247079150426 	0.0104283816246138 	0.0523637885831671 	290071 	9 	22 	2.72753346080306 	0.00293751912173645 	0.0577712093941503 	0.196560687862428 	0.694476030167101 	0.783043391321736 	1
GO:0060590 	ATPase regulator activity 	0.0033536760178803 	18 	1.85846424859752 	0.0105589988438269 	0.0526462759255597 	308336 	4 	27 	0.987748743006869 	0.592917781310409 	0.838700238234915 	0.166366726654669 	0.643648319516425 	0.917016596680664 	1
GO:0004180 	carboxypeptidase activity 	0.00287261481066921 	16 	1.92861437057602 	0.0111596721137268 	0.0552520829127174 	99642 	4 	29 	0.919628140040878 	0.651457285981785 	0.861930335602362 	0.0377924415116977 	0.290837484676978 	0.835832833433313 	1
GO:0043021 	ribonucleoprotein complex binding 	0.00635557984263432 	29 	1.5799583193302 	0.0127881887528769 	0.0628752613683115 	52767 	8 	83 	0.642631712317722 	0.943785213654077 	0.990240058052812 	0.0325934813037392 	0.274716485274374 	0.98120375924815 	1
GO:0051087 	protein-folding chaperone binding 	0.00974078418690936 	41 	1.457446918838 	0.0129491513775815 	0.0632275805195012 	183673 	12 	78 	1.02573907927636 	0.51041945991709 	0.787313676734858 	0.0313937212557489 	0.267792224687593 	0.917616476704659 	1
GO:0008289 	lipid binding 	0.0543892513493553 	185 	1.17777263256836 	0.0137462082380883 	0.066659694743606 	173669 	64 	451 	0.946136268246048 	0.707207535704595 	0.876996502190074 	0.102379524095181 	0.510455655347804 	0.999800039992002 	1
GO:0120227 	acyl-CoA binding 	0.00173736534062398 	11 	2.19232200439777 	0.0139357666815354 	0.0671192027927011 	244425 	2 	15 	0.888973868706182 	0.681509658722516 	0.861930335602362 	0.0373925214957009 	0.290837484676978 	0.675264947010598 	1
GO:0016298 	lipase activity 	0.00781154030844674 	34 	1.50711034197255 	0.0142915415108493 	0.0683676445248738 	155787 	13 	81 	1.07006113825744 	0.442242169516531 	0.755576242687248 	0.0015996800639872 	0.0390542581138945 	0.508498300339932 	1
GO:0004000 	adenosine deaminase activity 	0.00129977693002615 	9 	2.39759870968167 	0.0148340008412475 	0.0704863932590822 	275540 	3 	8 	2.50023900573614 	0.10513158453232 	0.377833308877576 	0.670665866826635 	1 	0.376724655068986 	1
GO:0009931 	calcium-dependent protein serine/threonine kinase activity 	0.00224048157428021 	13 	2.00911495690268 	0.0153989341553198 	0.0726829692131094 	201102 	2 	12 	1.11121733588273 	0.556575362095578 	0.815633034063895 	0.286142771445711 	0.785424524290544 	0.979404119176165 	1
GO:0008235 	metalloexopeptidase activity 	0.0056349862077509 	26 	1.59765609909022 	0.0155756517174543 	0.0730302080526998 	73718 	8 	47 	1.13486025792279 	0.408904288323863 	0.736652000339174 	0.0793841231753649 	0.453257735549664 	0.91621675664867 	1
GO:0010857 	calcium-dependent protein kinase activity 	0.00224849389452979 	13 	2.0019556435098 	0.0158037335046397 	0.0736121271137165 	201102 	2 	13 	1.02573907927636 	0.601779266982114 	0.838700238234915 	0.286142771445711 	0.785424524290544 	0.979404119176165 	1
GO:0045295 	gamma-catenin binding 	0.00249657016993467 	14 	1.94172208245592 	0.0159490218646501 	0.0736478515771178 	131484 	3 	8 	2.50023900573614 	0.10513158453232 	0.377833308877576 	0.287142571485703 	0.785424524290544 	0.965606878624275 	1
GO:0140657 	ATP-dependent activity 	0.0415433191702725 	144 	1.2002289860497 	0.0160194479419155 	0.0736478515771178 	126346 	66 	390 	1.128312987204 	0.156763034629338 	0.472202040808154 	0.0207958408318336 	0.219753064312511 	0.840631873625275 	1
GO:0061659 	ubiquitin-like protein ligase activity 	0.0191943782116293 	72 	1.29885676147263 	0.0175427665058194 	0.0801308302330333 	228177 	28 	160 	1.16677820267686 	0.214742479406851 	0.547313835375409 	0.747050589882024 	1 	0.93121375724855 	1
GO:1901682 	sulfur compound transmembrane transporter activity 	0.00516953825991291 	24 	1.60754189052452 	0.01828105959304 	0.0829678858453356 	176858 	8 	31 	1.72059458459261 	0.0819373588630017 	0.336195797181477 	0.325734853029394 	0.846318648358241 	0.762647470505899 	1
GO:0055102 	lipase inhibitor activity 	0.000915574832242886 	7 	2.64732344023022 	0.0185672115889352 	0.0834691908669419 	42727 	2 	5 	2.66692160611855 	0.164737152654822 	0.472202040808154 	0.0015996800639872 	0.0390542581138945 	0.0247950409918016 	1
GO:0008020 	G protein-coupled photoreceptor activity 	0.000712434255492987 	6 	2.91614603151302 	0.0186886135571439 	0.0834691908669419 	41026 	2 	9 	1.4816231145103 	0.400496012341572 	0.725194825416453 	0.120175964807039 	0.559766993969627 	0.180963807238552 	1
GO:0016667 	oxidoreductase activity, acting on a sulfur group of donors 	0.00280245029940496 	15 	1.85334448867026 	0.0187451996438471 	0.0834691908669419 	70785 	5 	37 	0.900987029094104 	0.669920370934576 	0.861930335602362 	0.21375724855029 	0.707196878381333 	0.629074185162967 	1
GO:1904680 	peptide transmembrane transporter activity 	0.000929719422549119 	7 	2.607047519816 	0.0199783264929654 	0.0884040947313718 	46529 	3 	6 	3.33365200764818 	0.047289552068545 	0.254122161250445 	0.0537892421515697 	0.355913863956181 	0.184763047390522 	1
GO:0003682 	chromatin binding 	0.0467155506309219 	159 	1.1785240871293 	0.0207297411170798 	0.0911593584527485 	147076 	61 	290 	1.40243291356234 	0.0033002098119661 	0.0631499607262703 	0.366126774645071 	0.903197757661011 	0.982803439312138 	1
GO:0005044 	scavenger receptor activity 	0.00336664221271796 	17 	1.74845624241298 	0.0213196158158047 	0.0931746172690722 	214248 	5 	44 	0.757648183556405 	0.810059135967522 	0.922110601970336 	0.181563687262547 	0.688174664532334 	0.834433113377325 	1
GO:0031406 	carboxylic acid binding 	0.0113102291344333 	45 	1.37766593994864 	0.02267621126398 	0.0983904085028115 	244815 	8 	93 	0.573531528197537 	0.976824174256142 	0.995662052685437 	0.0423915216956609 	0.306257115923754 	0.996800639872026 	1
GO:0070697 	activin receptor binding 	0.0016369508602025 	10 	2.11527661721501 	0.0228868279753995 	0.0983904085028115 	155025 	2 	5 	2.66692160611855 	0.164737152654822 	0.472202040808154 	0.538892221555689 	1 	0.89122175564887 	1
GO:0016594 	glycine binding 	0.00237030692170227 	13 	1.89907264765464 	0.0230040614773144 	0.0983904085028115 	85930 	3 	10 	2.00019120458891 	0.179705736129018 	0.483770574826407 	0.0253949210157968 	0.243503299340132 	0.767046590681864 	1
GO:0004994 	somatostatin receptor activity 	0.000550361625876442 	5 	3.14575336952518 	0.0230689375868174 	0.0983904085028115 	57943 	2 	5 	2.66692160611855 	0.164737152654822 	0.472202040808154 	0.0637872425514897 	0.393938603583631 	0.0477904419116177 	1
GO:0098960 	postsynaptic neurotransmitter receptor activity 	0.00962983335157235 	39 	1.40232490341578 	0.0253398549547672 	0.10742884615554 	201012 	14 	45 	2.07427236031443 	0.00477820058927292 	0.0768855913001188 	0.10377924415117 	0.513816117895302 	0.821035792841432 	1
GO:1901702 	salt transmembrane transporter activity 	0.0580346052361484 	193 	1.15152424274646 	0.0256199184396479 	0.107969656281374 	152560 	76 	347 	1.46027407827817 	0.000329000106087607 	0.0097055031295844 	0.150369926014797 	0.615386749239747 	0.999000199960008 	1
GO:0019838 	growth factor binding 	0.0159301141513901 	60 	1.30417290618631 	0.0260584150247961 	0.109167797855359 	264403 	17 	75 	1.51125557680051 	0.0498258271737103 	0.254122161250445 	0.700259948010398 	1 	0.945810837832433 	1
GO:0009881 	photoreceptor activity 	0.000775123741015762 	6 	2.6802976311205 	0.0267363899051649 	0.111349200310922 	41026 	2 	10 	1.33346080305927 	0.455693581394711 	0.755576242687248 	0.122175564887023 	0.561749188623814 	0.185362927414517 	1
GO:0019855 	calcium channel inhibitor activity 	0.0005740304581876 	5 	3.01604542818939 	0.0269678536661782 	0.111656376582773 	21418 	2 	9 	1.4816231145103 	0.400496012341572 	0.725194825416453 	0.373925214957009 	0.909756193091279 	0.367926414717057 	1
GO:0003727 	single-stranded RNA binding 	0.00537674170586806 	24 	1.54559206338843 	0.027174793725848 	0.11183542055561 	163686 	8 	40 	1.33346080305927 	0.243744087172397 	0.567869829754906 	0.4625074985003 	0.977478534143917 	0.899620075984803 	1
GO:0031624 	ubiquitin conjugating enzyme binding 	0.00294460074070421 	15 	1.76387438384342 	0.0273270166046899 	0.11183542055561 	177535 	5 	19 	1.75455368823589 	0.14425738092877 	0.45595636472129 	0.141171765646871 	0.598500659149607 	0.73245350929814 	1
GO:0004698 	calcium,diacylglycerol-dependent serine/threonine kinase activity 	0.00193415546153307 	11 	1.96926479886418 	0.0276564903834018 	0.11253330569798 	233927 	1 	10 	0.666730401529637 	0.803204500222271 	0.920176029380854 	0.384523095380924 	0.922129087695974 	0.970805838832234 	1
GO:0003707 	nuclear steroid receptor activity 	0.00296294372530629 	15 	1.7529545947207 	0.0286168517696045 	0.115775606016457 	195884 	2 	15 	0.888973868706182 	0.681509658722516 	0.861930335602362 	0.289542091581684 	0.785424524290544 	0.992601479704059 	1
GO:0005160 	transforming growth factor beta receptor binding 	0.00270675132319946 	14 	1.79094599042546 	0.0288829554024183 	0.116188252414273 	178368 	5 	13 	2.56434769819091 	0.0340818376061924 	0.221375605735635 	0.355128974205159 	0.888449871863083 	0.649270145970806 	1
GO:0017154 	semaphorin receptor activity 	0.00349837740662945 	17 	1.68261622706657 	0.0291157676671054 	0.116463070668422 	313614 	4 	9 	2.96324622902061 	0.0338719938520862 	0.221375605735635 	0.885822835432913 	1 	0.991001799640072 	1
GO:0019199 	transmembrane receptor protein kinase activity 	0.0169903288574474 	63 	1.28393067698457 	0.0301775415587865 	0.120032019233825 	294148 	16 	54 	1.97549748601374 	0.00454492242447935 	0.0748326761984041 	0.938612277544491 	1 	0.994401119776045 	1
GO:0003954 	NADH dehydrogenase activity 	0.00101873249428532 	7 	2.37925336462526 	0.0305997162419964 	0.120525663364291 	119121 	1 	9 	0.740811557255152 	0.768453408339515 	0.896635217276249 	0.144771045790842 	0.606496452188852 	0.436112777444511 	1
GO:0070410 	co-SMAD binding 	0.000801032101419711 	6 	2.59360682697689 	0.0306421178044807 	0.120525663364291 	46963 	3 	5 	4.00038240917782 	0.026580407950995 	0.20455357423157 	0.562687462507498 	1 	0.573685262947411 	1
GO:0008238 	exopeptidase activity 	0.00803579973122875 	33 	1.42196087259092 	0.0315495367316825 	0.123409237602382 	87730 	13 	67 	1.29365600296795 	0.196776819671334 	0.523751835816935 	0.228354329134173 	0.72563424534824 	0.856028794241152 	1
GO:0043177 	organic acid binding 	0.0122526956048651 	47 	1.32821696971603 	0.0343869493094329 	0.133633098218124 	267339 	9 	97 	0.618615836470797 	0.964882166887271 	0.99451028314792 	0.0283943211357728 	0.251682996733987 	0.992601479704059 	1
GO:0051010 	microtubule plus-end binding 	0.0010463402047614 	7 	2.31647670963208 	0.0345407584377355 	0.133633098218124 	53226 	3 	10 	2.00019120458891 	0.179705736129018 	0.483770574826407 	0.0815836832633473 	0.455817927323626 	0.225154969006199 	1
GO:0043236 	laminin binding 	0.00304486047261799 	15 	1.70579435868493 	0.0349294561624919 	0.133917588945272 	81934 	3 	13 	1.53860861891455 	0.30795388521963 	0.63197492966811 	0.2125574885023 	0.706529116711869 	0.983403319336133 	1
GO:0004879 	nuclear receptor activity 	0.00928785548946134 	37 	1.37939639172546 	0.0351817394686732 	0.133917588945272 	313587 	7 	30 	1.55570427023582 	0.152296675843207 	0.464767441797372 	0.185962807438512 	0.689328102965794 	0.987802439512098 	1
GO:0098531 	ligand-activated transcription factor activity 	0.00928785548946134 	37 	1.37939639172546 	0.0351817394686732 	0.133917588945272 	313587 	7 	30 	1.55570427023582 	0.152296675843207 	0.464767441797372 	0.185962807438512 	0.689328102965794 	0.987802439512098 	1
GO:0016651 	oxidoreductase activity, acting on NAD(P)H 	0.0035910881026459 	17 	1.63917632331568 	0.035754545440431 	0.135370150651471 	163000 	6 	36 	1.11121733588273 	0.45931996965489 	0.757973049883365 	0.0599880023995201 	0.386104597262366 	0.614277144571086 	1
GO:0003723 	RNA binding 	0.0643301618812124 	210 	1.13033574475863 	0.0379005253148885 	0.142731765547559 	135288 	80 	598 	0.891947025457708 	0.884720139033179 	0.963089573449761 	0.611677664467107 	1 	1 	1
GO:0016616 	oxidoreductase activity, acting on the CH-OH group of donors, NAD or NADP as acceptor 	0.00643224955824708 	27 	1.45346202541649 	0.0384412737866091 	0.144002231962536 	91533 	11 	72 	1.01861589122583 	0.524060229136411 	0.799643625492627 	0.110577884423115 	0.528980690348417 	0.62747450509898 	1
GO:0030371 	translation repressor activity 	0.00085061313881824 	6 	2.44242915146617 	0.0391135742355705 	0.145749529256757 	25981 	3 	11 	1.81835564053537 	0.221090052143174 	0.547313835375409 	0.0713857228554289 	0.425894821035793 	0.152969406118776 	1
GO:0015108 	chloride transmembrane transporter activity 	0.00996948806372617 	39 	1.35454850222334 	0.0393415404466771 	0.145831469299725 	215401 	15 	66 	1.51529636711281 	0.0615065027041647 	0.290666889812865 	0.19496100779844 	0.694476030167101 	0.954609078184363 	1
GO:0008270 	zinc ion binding 	0.0792075584592164 	255 	1.11474713536878 	0.0396663080119464 	0.146269510794052 	175835 	81 	516 	1.04661167681978 	0.34390210337765 	0.665955138886057 	0.326334733053389 	0.846318648358241 	1 	1
GO:0051019 	mitogen-activated protein kinase binding 	0.00132143691524978 	8 	2.0962658682571 	0.0408330342596638 	0.149791648994 	37798 	4 	12 	2.22243467176546 	0.0920920578954197 	0.355067364368762 	0.150169966006799 	0.615386749239747 	0.387922415516897 	1
GO:0035064 	methylated histone binding 	0.00705891181012785 	29 	1.42253530241448 	0.0413308324671253 	0.150836233952189 	263009 	10 	43 	1.55053581751078 	0.100250762454868 	0.371610156115427 	0.493901219756049 	1 	0.934013197360528 	1
GO:0005310 	dicarboxylic acid transmembrane transporter activity 	0.00183551049665616 	10 	1.88645277944438 	0.0439453624672334 	0.159555469881032 	126876 	3 	14 	1.42870800327779 	0.352022421128032 	0.665955138886057 	0.164167166566687 	0.64215665154262 	0.733853229354129 	1
GO:0099529 	neurotransmitter receptor activity involved in regulation of postsynaptic membrane potential 	0.0062548673992477 	26 	1.43932229229756 	0.0456159229789752 	0.164775885046502 	231185 	9 	33 	1.81835564053537 	0.0492469349971705 	0.254122161250445 	0.301339732053589 	0.808138372325535 	0.848430313937213 	1
GO:0022853 	active monoatomic ion transmembrane transporter activity 	0.0156214331700475 	57 	1.26344631061806 	0.0476947868103459 	0.171410705897081 	86898 	21 	120 	1.16677820267686 	0.254755788924824 	0.585607462853166 	0.0671865626874625 	0.410069710195892 	0.91621675664867 	1
GO:0019825 	oxygen binding 	0.000677370742692539 	5 	2.55591484830932 	0.0487320476739435 	0.174253988652283 	111778 	1 	13 	0.512869539638182 	0.879187337042422 	0.962698608488399 	0.0625874825034993 	0.392141040818385 	0.0625874825034993 	1
GO:0140034 	methylation-dependent protein binding 	0.0072422839858973 	29 	1.38651719072202 	0.0535414827919959 	0.190489295561473 	263009 	10 	45 	1.4816231145103 	0.127012143531845 	0.426182927111594 	0.519296140771846 	1 	0.946810637872425 	1
GO:0017025 	TBP-class protein binding 	0.00140248380293746 	8 	1.97512662655441 	0.0540617730029656 	0.191378676430498 	34246 	5 	12 	2.77804333970682 	0.0238585644829726 	0.194430691606285 	0.149570085982803 	0.615386749239747 	0.314537092581484 	1
GO:0015174 	basic amino acid transmembrane transporter activity 	0.000926989697320137 	6 	2.24119246726894 	0.0548281269981749 	0.193125939874168 	41699 	3 	10 	2.00019120458891 	0.179705736129018 	0.483770574826407 	0.0153969206158768 	0.180389728505912 	0.0401919616076785 	1
GO:0050660 	flavin adenine dinucleotide binding 	0.00436893772420722 	19 	1.50584599363106 	0.0553467018117575 	0.193987449914477 	61682 	8 	66 	0.808158062460166 	0.792911082873396 	0.911332867977864 	0.184763047390522 	0.689328102965794 	0.54749050189962 	1
GO:0046872 	metal ion binding 	0.246034734090713 	748 	1.05270815131171 	0.0558058362900846 	0.194319915498768 	194881 	285 	1705 	1.11447603774749 	0.0195555466899096 	0.184604360752746 	0.904019196160768 	1 	1 	1
GO:0070412 	R-SMAD binding 	0.00218082938866011 	11 	1.74652097304509 	0.0559904841267638 	0.194319915498768 	89642 	5 	14 	2.38118000546299 	0.0466371891951632 	0.254122161250445 	0.704259148170366 	1 	0.901619676064787 	1
GO:1904315 	transmitter-gated monoatomic ion channel activity involved in regulation of postsynaptic membrane potential 	0.00612456915576485 	25 	1.41340712711894 	0.0579592683406246 	0.20017152187884 	237550 	8 	32 	1.66682600382409 	0.0955528245195594 	0.363717203009936 	0.331933613277345 	0.857697073723941 	0.915616876624675 	1
GO:0030374 	nuclear receptor coactivator activity 	0.00329066357895015 	15 	1.57837642547209 	0.0598253888803084 	0.205613472462419 	102333 	3 	26 	0.769304309457273 	0.770561027643274 	0.896635217276249 	0.371525694861028 	0.908987857600894 	0.989202159568086 	1
GO:0004435 	phosphatidylinositol phospholipase C activity 	0.00274882753856 	13 	1.63756546324086 	0.060627428663123 	0.206366439872553 	199077 	7 	15 	3.11140854047164 	0.00358406502895225 	0.0634379510124549 	0.0409918016396721 	0.299197892380287 	0.165766846630674 	1
GO:0004629 	phospholipase C activity 	0.00274882753856 	13 	1.63756546324086 	0.060627428663123 	0.206366439872553 	199077 	7 	15 	3.11140854047164 	0.00358406502895225 	0.0634379510124549 	0.0409918016396721 	0.299197892380287 	0.165766846630674 	1
GO:0072349 	modified amino acid transmembrane transporter activity 	0.00195376430815155 	10 	1.77227307494029 	0.0613184997042447 	0.207720085122513 	37529 	6 	22 	1.81835564053537 	0.0997415179635448 	0.371610156115427 	0.430313937212558 	0.969766046790642 	0.384323135372925 	1
GO:0042393 	histone binding 	0.0168788599510194 	60 	1.23086649981021 	0.0637030509333798 	0.214770286003966 	237297 	21 	118 	1.18655410441715 	0.229770681155652 	0.55711521321302 	0.533493301339732 	1 	0.977404519096181 	1
GO:0070063 	RNA polymerase binding 	0.00533388405860218 	22 	1.42817662479381 	0.0656552852614779 	0.220214338150948 	259166 	6 	34 	1.17658306152289 	0.40258129142697 	0.727111107985446 	0.383523295340932 	0.922129087695974 	0.965606878624275 	1
GO:0008353 	RNA polymerase II CTD heptapeptide repeat kinase activity 	0.000973179723941254 	6 	2.1348187552202 	0.0659398865649732 	0.220214338150948 	91156 	2 	7 	1.90494400437039 	0.283365799977737 	0.601800472139067 	0.473305338932214 	0.99436255182198 	0.645870825834833 	1
GO:0008146 	sulfotransferase activity 	0.0110800921518713 	41 	1.28127778232236 	0.0695345773137674 	0.230949006258904 	117312 	13 	51 	1.69950886664417 	0.034679918638002 	0.223212567233686 	0.0271945610877824 	0.248657960715549 	0.955608878224355 	1
GO:0000979 	RNA polymerase II core promoter sequence-specific DNA binding 	0.0012323181147195 	7 	1.96688069884711 	0.0698066205358833 	0.230949006258904 	57057 	3 	11 	1.81835564053537 	0.221090052143174 	0.547313835375409 	0.557688462307539 	1 	0.665666866626675 	1
GO:0004197 	cysteine-type endopeptidase activity 	0.00422665079664652 	18 	1.4746160211661 	0.0708038731160908 	0.232875718316082 	57865 	10 	54 	1.23468592875859 	0.285634956341765 	0.601800472139067 	0.157368526294741 	0.62752842689889 	0.335132973405319 	1
GO:0019200 	carbohydrate kinase activity 	0.00148968795112404 	8 	1.8595056101534 	0.0710468293167708 	0.232875718316082 	59982 	5 	15 	2.22243467176546 	0.0615819681806917 	0.290666889812865 	0.453109378124375 	0.977478534143917 	0.0649870025994801 	1
GO:0015132 	prostaglandin transmembrane transporter activity 	0.000998476779681248 	6 	2.08073173973364 	0.0725424016743399 	0.235596423786388 	90825 	2 	5 	2.66692160611855 	0.164737152654822 	0.472202040808154 	0.0839832033593281 	0.455817927323626 	0.194361127774445 	1
GO:0071714 	icosanoid transmembrane transporter activity 	0.000998476779681248 	6 	2.08073173973364 	0.0725424016743399 	0.235596423786388 	90825 	2 	5 	2.66692160611855 	0.164737152654822 	0.472202040808154 	0.0839832033593281 	0.455817927323626 	0.194361127774445 	1
GO:0004550 	nucleoside diphosphate kinase activity 	0.00100659867340833 	6 	2.06394304081011 	0.0747395663168929 	0.241623803435435 	158054 	2 	13 	1.02573907927636 	0.601779266982114 	0.838700238234915 	0.590281943611278 	1 	0.73505298940212 	1
GO:0043130 	ubiquitin binding 	0.00427725644217677 	18 	1.45716934789103 	0.0770527636269179 	0.247969802944809 	62410 	10 	60 	1.11121733588273 	0.412132022944266 	0.738359575016924 	0.28374325134973 	0.785424524290544 	0.419116176764647 	1
GO:0050661 	NADP binding 	0.00291278021836946 	13 	1.54539124275949 	0.0853979748393023 	0.273582652426362 	175297 	4 	28 	0.952472002185195 	0.622907281654352 	0.854686735293181 	0.365126974605079 	0.903197757661011 	0.732653469306139 	1
GO:0140030 	modification-dependent protein binding 	0.0122310058233449 	44 	1.24564220504519 	0.0864908454599559 	0.275835669304724 	200150 	17 	106 	1.06928460622678 	0.422790170769008 	0.746250314299999 	0.436112777444511 	0.969766046790642 	0.959408118376325 	1
GO:0008200 	ion channel inhibitor activity 	0.00130205490495315 	7 	1.861536487794 	0.0870909563754865 	0.276504022932038 	18082 	4 	18 	1.4816231145103 	0.279634983239834 	0.601800472139067 	0.345130973805239 	0.875816234602542 	0.525294941011798 	1
GO:0008509 	monoatomic anion transmembrane transporter activity 	0.0113142996930054 	41 	1.25475515811673 	0.0877468007154835 	0.277342566547153 	209707 	17 	83 	1.36559238867516 	0.108630870342832 	0.386485709561433 	0.266946610677864 	0.784224897759037 	0.972005598880224 	1
GO:0001221 	transcription coregulator binding 	0.0126003568702433 	45 	1.23660921765803 	0.0911477949609051 	0.286811728143648 	159024 	15 	63 	1.58745333697533 	0.0429900232273721 	0.249483085614586 	0.610277944411118 	1 	0.974605078984203 	1
GO:0030515 	snoRNA binding 	0.00132444153534337 	7 	1.83007150561239 	0.0931100637941658 	0.291689934364024 	195827 	2 	18 	0.740811557255152 	0.776087942361619 	0.897827227437951 	0.0141971605678864 	0.173303270380407 	0.106178764247151 	1
GO:0031625 	ubiquitin protein ligase binding 	0.0208651843928671 	71 	1.1782540269824 	0.0935858852192286 	0.291889016454687 	278353 	26 	176 	0.984942638623327 	0.566340491914184 	0.823345109394748 	0.953609278144371 	1 	0.996000799840032 	1
GO:0046914 	transition metal ion binding 	0.0961263339135137 	299 	1.07703947233469 	0.0946530197222246 	0.293377028441546 	159854 	102 	693 	0.981334790130201 	0.600855586897085 	0.838700238234915 	0.539692061587682 	1 	1 	1
GO:0016614 	oxidoreductase activity, acting on CH-OH group of donors 	0.00739561861126853 	28 	1.3109506274368 	0.0948917224761497 	0.293377028441546 	89419 	12 	80 	1.00009560229446 	0.54797022035202 	0.815633034063895 	0.108978204359128 	0.528469648536046 	0.579684063187363 	1
GO:0008168 	methyltransferase activity 	0.0151706440389234 	53 	1.20969159298256 	0.095678212157378 	0.294522496554016 	173366 	16 	137 	0.778663242662349 	0.890644812481123 	0.963323013085267 	0.23995200959808 	0.745114135067723 	0.99380123975205 	1
GO:0043169 	cation binding 	0.255168027539621 	768 	1.04216809763928 	0.0963451722133599 	0.295291696653934 	194136 	293 	1773 	1.10181617398863 	0.0302734099014508 	0.218709940920685 	0.877624475104979 	1 	1 	1
GO:0004693 	cyclin-dependent protein serine/threonine kinase activity 	0.00108716016981409 	6 	1.91099930309724 	0.0985430528887735 	0.299435542683483 	62622 	2 	7 	1.90494400437039 	0.283365799977737 	0.601800472139067 	0.437112577484503 	0.969766046790642 	0.610677864427115 	1
GO:0097472 	cyclin-dependent protein kinase activity 	0.00108716016981409 	6 	1.91099930309724 	0.0985430528887735 	0.299435542683483 	62622 	2 	7 	1.90494400437039 	0.283365799977737 	0.601800472139067 	0.437112577484503 	0.969766046790642 	0.610677864427115 	1
GO:0003697 	single-stranded DNA binding 	0.00682528673853203 	26 	1.31903177521869 	0.0990329516656678 	0.299638161449969 	166856 	8 	69 	0.77302075539668 	0.831894191958506 	0.936376928309416 	0.223155368926215 	0.724743124769542 	0.958608278344331 	1
GO:0015103 	inorganic anion transmembrane transporter activity 	0.0117872044043386 	42 	1.23379011589344 	0.101949159039133 	0.30714895574343 	210523 	17 	79 	1.43473630708909 	0.0754792865003074 	0.323874756619501 	0.194761047790442 	0.694476030167101 	0.952809438112378 	1
GO:0047429 	nucleoside triphosphate diphosphatase activity 	0.00110500238440057 	6 	1.88014284511867 	0.104299460938243 	0.312898382814728 	224784 	1 	9 	0.740811557255152 	0.768453408339515 	0.896635217276249 	0.0875824835032993 	0.466228558799518 	0.204359128174365 	1
GO:0043531 	ADP binding 	0.00273732328459321 	12 	1.51795174399983 	0.104920192658274 	0.313432474270288 	151492 	7 	16 	2.91694550669216 	0.00555486809240535 	0.082323428555804 	0.0609878024395121 	0.388058102665181 	0.120775844831034 	1
GO:0043237 	laminin-1 binding 	0.00190705717161029 	9 	1.63411120374189 	0.106085217561706 	0.315581235435663 	119300 	1 	5 	1.33346080305927 	0.556313406833316 	0.815633034063895 	0.205358928214357 	0.695665651558684 	0.775644871025795 	1
GO:0045182 	translation regulator activity 	0.00661159635047463 	25 	1.30929192231607 	0.110230909124173 	0.324769987710938 	67423 	11 	75 	0.977871255576801 	0.581831595082196 	0.837269856337794 	0.0495900819836033 	0.342468649127317 	0.736052789442112 	1
GO:0022824 	transmitter-gated monoatomic ion channel activity 	0.0106257092029192 	38 	1.23830743770281 	0.110550235929853 	0.324769987710938 	185316 	11 	45 	1.62978542596133 	0.0647938622664787 	0.301802990030703 	0.133373325334933 	0.586511269174737 	0.979004199160168 	1
GO:0022835 	transmitter-gated channel activity 	0.0106257092029192 	38 	1.23830743770281 	0.110550235929853 	0.324769987710938 	185316 	11 	45 	1.62978542596133 	0.0647938622664787 	0.301802990030703 	0.133373325334933 	0.586511269174737 	0.979004199160168 	1
GO:0000146 	microfilament motor activity 	0.00114289077834467 	6 	1.81781353584713 	0.117086676227086 	0.342551102350317 	49389 	5 	9 	3.70405778627576 	0.00560957792982064 	0.082323428555804 	0.245750849830034 	0.756485224694192 	0.123575284943011 	1
GO:0005243 	gap junction channel activity 	0.00141350170445149 	7 	1.71476462111661 	0.119265732834409 	0.347167871904779 	62361 	5 	12 	2.77804333970682 	0.0238585644829726 	0.194430691606285 	0.501099780043991 	1 	0.290541891621676 	1
GO:0043015 	gamma-tubulin binding 	0.00196037235778157 	9 	1.58966916562284 	0.119645424780743 	0.347167871904779 	80871 	4 	19 	1.40364295058871 	0.315735677189451 	0.635486694915304 	0.195760847830434 	0.694476030167101 	0.560687862427514 	1
GO:0030297 	transmembrane receptor protein tyrosine kinase activator activity 	0.000899118626029715 	5 	1.92555452521674 	0.122014700240167 	0.352597582734849 	72273 	2 	8 	1.66682600382409 	0.342777205126209 	0.665955138886057 	0.422315536892621 	0.969766046790642 	0.412317536492701 	1
GO:0015370 	solute:sodium symporter activity 	0.00762940227605547 	28 	1.27077987343176 	0.123164525141225 	0.354473511382061 	115859 	8 	40 	1.33346080305927 	0.243744087172397 	0.567869829754906 	0.219356128774245 	0.716992085453877 	0.902019596080784 	1
GO:0016248 	channel inhibitor activity 	0.00142956959763913 	7 	1.69549122944716 	0.12435075914125 	0.355354722211682 	18082 	4 	19 	1.40364295058871 	0.315735677189451 	0.635486694915304 	0.366126774645071 	0.903197757661011 	0.557288542291542 	1
GO:0035091 	phosphatidylinositol binding 	0.0222711937705017 	74 	1.15051168617638 	0.124674645325587 	0.355354722211682 	148324 	26 	179 	0.968435220098914 	0.603138176749663 	0.838942689860043 	0.421315736852629 	0.969766046790642 	0.998400319936013 	1
GO:0050811 	GABA receptor binding 	0.00226298546751478 	10 	1.5301043368692 	0.125440273170281 	0.355354722211682 	275654 	3 	7 	2.85741600655559 	0.0736988353735213 	0.32032762820541 	0.273345330933813 	0.785424524290544 	0.75244951009798 	1
GO:0044389 	ubiquitin-like protein ligase binding 	0.0213108312599156 	71 	1.15361466827753 	0.125478362362882 	0.355354722211682 	278353 	26 	188 	0.922073959562264 	0.704766728457813 	0.876932941560864 	0.95620875824835 	1 	0.996400719856029 	1
GO:0140658 	ATP-dependent chromatin remodeler activity 	0.00431232956668577 	17 	1.365022432022 	0.127321650497151 	0.359138360764872 	28688 	7 	29 	1.60934924507154 	0.132986760588936 	0.439974890172742 	0.0349930013997201 	0.281552678228399 	0.359528094381124 	1
GO:0003916 	DNA topoisomerase activity 	0.000913917773688391 	5 	1.89437385824217 	0.128116570514065 	0.359644823840895 	128469 	1 	6 	1.11121733588273 	0.622883897610387 	0.854686735293181 	0.548690261947611 	1 	0.548690261947611 	1
GO:0016741 	transferase activity, transferring one-carbon groups 	0.0155553651689685 	53 	1.17977304644874 	0.128517147502467 	0.359644823840895 	173366 	16 	148 	0.720789623275283 	0.94466419674348 	0.990240058052812 	0.261547690461908 	0.778049432130381 	0.99620075984803 	1
GO:0042054 	histone methyltransferase activity 	0.00286674878493947 	12 	1.44942056854394 	0.132811204903774 	0.370198161700284 	93546 	5 	26 	1.28217384909546 	0.349412887117159 	0.665955138886057 	0.185762847430514 	0.689328102965794 	0.69626074785043 	1
GO:0051020 	GTPase binding 	0.0253155102204157 	83 	1.13525707908461 	0.133810395826194 	0.371520628411551 	165294 	35 	180 	1.29642022519652 	0.0610555414524199 	0.290666889812865 	0.211957608478304 	0.706529116711869 	0.889822035592881 	1
GO:0031491 	nucleosome binding 	0.00202590210318168 	9 	1.53824979272715 	0.137532525447561 	0.380363390690912 	79457 	4 	22 	1.21223709369025 	0.424772424665112 	0.746250314299999 	0.204759048190362 	0.695665651558684 	0.649670065986803 	1
GO:0043022 	ribosome binding 	0.00407517219219682 	16 	1.35949254257146 	0.138907587111203 	0.38205210929682 	44324 	6 	50 	0.800076481835564 	0.781044341986841 	0.900617905743785 	0.147370525894821 	0.613754896079608 	0.911817636472705 	1
GO:0019239 	deaminase activity 	0.00231633141115342 	10 	1.49486548489714 	0.139222378811553 	0.38205210929682 	248662 	4 	18 	1.4816231145103 	0.279634983239834 	0.601800472139067 	0.703859228154369 	1 	0.464307138572286 	1
GO:0015293 	symporter activity 	0.0112109613308422 	39 	1.20454925551325 	0.140330959729337 	0.38360741115201 	128598 	14 	71 	1.31467966498802 	0.169663894955101 	0.481333816072019 	0.219756048790242 	0.716992085453877 	0.884623075384923 	1
GO:0019956 	chemokine binding 	0.00121467294015835 	6 	1.71038825200054 	0.143322060728521 	0.388769411017859 	33285 	2 	15 	0.888973868706182 	0.681509658722516 	0.861930335602362 	0.31373725254949 	0.831010006177203 	0.444711057788442 	1
GO:0070888 	E-box binding 	0.00592141800613555 	22 	1.2864703224739 	0.143594532387771 	0.388769411017859 	235830 	7 	28 	1.66682600382409 	0.114973734592082 	0.402977247976208 	0.652269546090782 	1 	0.896820635872825 	1
GO:0035255 	ionotropic glutamate receptor binding 	0.00121665871914535 	6 	1.70759662851814 	0.144083524102297 	0.388769411017859 	323317 	2 	5 	2.66692160611855 	0.164737152654822 	0.472202040808154 	0.600679864027195 	1 	0.745850829834033 	1
GO:0016933 	extracellularly glycine-gated ion channel activity 	0.00121895111163518 	6 	1.70438527602869 	0.144964865125303 	0.388769411017859 	61232 	2 	5 	2.66692160611855 	0.164737152654822 	0.472202040808154 	0.349930013997201 	0.878547694716376 	0.530493901219756 	1
GO:0016934 	extracellularly glycine-gated chloride channel activity 	0.00121895111163518 	6 	1.70438527602869 	0.144964865125303 	0.388769411017859 	61232 	2 	5 	2.66692160611855 	0.164737152654822 	0.472202040808154 	0.349930013997201 	0.878547694716376 	0.530493901219756 	1
GO:0032182 	ubiquitin-like protein binding 	0.00657418277493303 	24 	1.26407335968293 	0.14947684801191 	0.399357012801632 	57779 	13 	75 	1.15566602931804 	0.331185359659359 	0.658649535502322 	0.704459108178364 	1 	0.63127374525095 	1
GO:0140996 	histone H3 kinase activity 	0.00178797771435022 	8 	1.54928279041765 	0.150834525334626 	0.401469338108703 	536564 	2 	9 	1.4816231145103 	0.400496012341572 	0.725194825416453 	0.775244951009798 	1 	0.905618876224755 	1
GO:0015294 	solute:monoatomic cation symporter activity 	0.00940418503690447 	33 	1.21505401615802 	0.151651942419695 	0.402133240573574 	107149 	11 	57 	1.28667270470632 	0.227863308575257 	0.554389080657326 	0.191961607678464 	0.694476030167101 	0.886422715456909 	1
GO:0140828 	metal cation:monoatomic cation antiporter activity 	0.00265577466571907 	11 	1.43418201667975 	0.152469662368535 	0.402792988645234 	45277 	5 	23 	1.44941391636878 	0.25577483958319 	0.586047205258572 	0.0543891221755649 	0.356550912039814 	0.537892421515697 	1
GO:0003725 	double-stranded RNA binding 	0.00296332531013583 	12 	1.40218309462256 	0.156020112775051 	0.41064029682058 	66445 	4 	39 	0.683826052850909 	0.856826446881327 	0.95047975641456 	0.204359128174365 	0.695665651558684 	0.88622275544891 	1
GO:0031490 	chromatin DNA binding 	0.00852174560872635 	30 	1.21897696919183 	0.160605898407598 	0.421144355824369 	188965 	11 	52 	1.410391234005 	0.146895826504767 	0.458159670332047 	0.449710057988402 	0.977478534143917 	0.8250349930014 	1
GO:0019887 	protein kinase regulator activity 	0.0230426900527097 	75 	1.12701811405126 	0.16172727119417 	0.422519955739751 	156297 	32 	127 	1.67995061802743 	0.00176171715797757 	0.0389779921202538 	0.437312537492501 	0.969766046790642 	0.736052789442112 	1
GO:0031369 	translation initiation factor binding 	0.0009918543124884 	5 	1.74552040280454 	0.162411523678622 	0.422747642516413 	9470 	3 	16 	1.25011950286807 	0.438596085655009 	0.751879003980016 	0.48370325934813 	1 	0.468306338732254 	1
GO:0015291 	secondary active transmembrane transporter activity 	0.0184918161419908 	61 	1.14222872941866 	0.163147048851096 	0.42310663218526 	99527 	24 	138 	1.15953113309502 	0.246237341433271 	0.567869829754906 	0.136972605478904 	0.59755410881014 	0.937812437512498 	1
GO:0090079 	translation regulator activity, nucleic acid binding 	0.00481910978364231 	18 	1.2933274526688 	0.166455344211919 	0.428742932879199 	84902 	7 	60 	0.777852135117909 	0.815650982392349 	0.923969432854053 	0.140571885622875 	0.598500659149607 	0.894221155768846 	1
GO:0022829 	wide pore channel activity 	0.00155202468694293 	7 	1.56171659837172 	0.166531506414943 	0.428742932879199 	62361 	5 	15 	2.22243467176546 	0.0615819681806917 	0.290666889812865 	0.569286142771446 	1 	0.418316336732653 	1
GO:0140101 	catalytic activity, acting on a tRNA 	0.00733306849551977 	26 	1.22769480315135 	0.171538712474387 	0.439515838247391 	134697 	12 	82 	0.975703026628737 	0.584443191128349 	0.837623035058443 	0.248150369926015 	0.760564770162851 	0.655468906218756 	1
GO:0008094 	ATP-dependent activity, acting on DNA 	0.00986728484434302 	34 	1.19311982691419 	0.171957467788881 	0.439515838247391 	44357 	18 	93 	1.29044593844446 	0.150478350543424 	0.463211618194539 	0.116376724655069 	0.549298140371926 	0.342131573685263 	1
GO:0043274 	phospholipase binding 	0.0013113744175659 	6 	1.58426327297589 	0.182446995424242 	0.464649182591236 	42210 	2 	10 	1.33346080305927 	0.455693581394711 	0.755576242687248 	0.123575284943011 	0.561749188623814 	0.240951809638072 	1
GO:0001540 	amyloid-beta binding 	0.00367552984579441 	14 	1.3188970387248 	0.183987885532387 	0.46689398909294 	134120 	6 	30 	1.33346080305927 	0.289217952930803 	0.604030414970527 	0.0285942811437712 	0.251682996733987 	0.5624875024995 	1
GO:0042287 	MHC protein binding 	0.00104420352195012 	5 	1.65801197052548 	0.18728803340485 	0.473571170180835 	104074 	1 	5 	1.33346080305927 	0.556313406833316 	0.815633034063895 	0.462107578484303 	0.977478534143917 	0.462107578484303 	1
GO:0044390 	ubiquitin-like protein conjugating enzyme binding 	0.00400743175382957 	15 	1.29606843889759 	0.190420855252697 	0.479779236722097 	177535 	5 	24 	1.38902166985341 	0.286450224732861 	0.601800472139067 	0.299740051989602 	0.806904778740069 	0.913417316536693 	1
GO:0004972 	NMDA glutamate receptor activity 	0.00161840314620825 	7 	1.49766312575467 	0.191715154831754 	0.481327410003128 	107099 	1 	5 	1.33346080305927 	0.556313406833316 	0.815633034063895 	0.00619876024795041 	0.0895657603173243 	0.0559888022395521 	1
GO:0030552 	cAMP binding 	0.00162147120357829 	7 	1.4948293311238 	0.192914728617667 	0.482627660287308 	54994 	4 	9 	2.96324622902061 	0.0338719938520862 	0.221375605735635 	0.0967806438712258 	0.488974545516429 	0.166566686662667 	1
GO:0004712 	protein serine/threonine/tyrosine kinase activity 	0.00280825865488339 	11 	1.35630820875584 	0.194935516878129 	0.485966006865194 	152776 	4 	19 	1.40364295058871 	0.315735677189451 	0.635486694915304 	0.452909418116377 	0.977478534143917 	0.929614077184563 	1
GO:0050321 	tau-protein kinase activity 	0.00106135561586251 	5 	1.63121757984125 	0.195722802037573 	0.486216645061761 	278583 	1 	6 	1.11121733588273 	0.622883897610387 	0.854686735293181 	0.315736852629474 	0.831010006177203 	0.315736852629474 	1
GO:0140938 	histone H3 methyltransferase activity 	0.00163466231239609 	7 	1.48276662176704 	0.198106264602729 	0.488570793571206 	57727 	4 	17 	1.56877741536385 	0.24424662916689 	0.567869829754906 	0.445510897820436 	0.977478534143917 	0.565886822635473 	1
GO:1990841 	promoter-specific chromatin binding 	0.00590786165239274 	21 	1.23081219092179 	0.198214699884951 	0.488570793571206 	105223 	8 	32 	1.66682600382409 	0.0955528245195594 	0.363717203009936 	0.123175364927015 	0.561749188623814 	0.714857028594281 	1
GO:0031267 	small GTPase binding 	0.0237615122497068 	76 	1.10749640835713 	0.198740661791677 	0.488570793571206 	176047 	31 	159 	1.29991461933451 	0.0721575728186137 	0.32032762820541 	0.238152369526095 	0.744654593310413 	0.889422115576885 	1
GO:0099604 	ligand-gated calcium channel activity 	0.00343552452206128 	13 	1.31024680879019 	0.200755931902672 	0.491817300301357 	213607 	4 	15 	1.77794773741236 	0.177200993691775 	0.483770574826407 	0.0369926014797041 	0.290837484676978 	0.729854029194161 	1
GO:0015125 	bile acid transmembrane transporter activity 	0.00223548348583278 	9 	1.3940355677214 	0.203031534802873 	0.495676988415291 	194899 	4 	8 	3.33365200764818 	0.021310920108857 	0.190989005532542 	0.453909218156369 	0.977478534143917 	0.276744651069786 	1
GO:0015318 	inorganic molecular entity transmembrane transporter activity 	0.0622583561803245 	191 	1.06227883499634 	0.203963266301515 	0.496240524197501 	147031 	78 	401 	1.29688207778832 	0.0083406051427849 	0.105449079305209 	0.410317936412717 	0.969766046790642 	1 	1
GO:0038024 	cargo receptor activity 	0.0053178171265854 	19 	1.2371518635966 	0.206146617305944 	0.499834948810302 	194576 	7 	57 	0.818791721176747 	0.771258258928299 	0.896635217276249 	0.274745050989802 	0.785424524290544 	0.798440311937612 	1
GO:0008253 	5'-nucleotidase activity 	0.00108596831795355 	5 	1.59424718975294 	0.208049483590375 	0.502041892882291 	340105 	1 	8 	0.833413001912046 	0.727569253228632 	0.879735898018756 	0.449710057988402 	0.977478534143917 	0.449710057988402 	1
GO:0044325 	transmembrane transporter binding 	0.0117260383746214 	39 	1.15163831920256 	0.208475023315527 	0.502041892882291 	188739 	16 	68 	1.56877741536385 	0.0413187335253866 	0.246463235803673 	0.487102579484103 	1 	0.903619276144771 	1
GO:0016810 	hydrolase activity, acting on carbon-nitrogen (but not peptide) bonds 	0.00948289916292639 	32 	1.16845410033369 	0.211254500474588 	0.507010801139012 	174814 	13 	83 	1.0442765325163 	0.479397564726883 	0.777884331578248 	0.733853229354129 	1 	0.857628474305139 	1
GO:0052689 	carboxylic ester hydrolase activity 	0.00662028821851889 	23 	1.20296710004105 	0.214352227604295 	0.512707355215678 	149725 	8 	77 	0.692706910680142 	0.90802327790996 	0.971118550997359 	0.0383923215356929 	0.292277028465275 	0.806638672265547 	1
GO:0038023 	signaling receptor activity 	0.114676500815787 	345 	1.04171153588747 	0.217537913862467 	0.516835043673244 	195559 	122 	663 	1.2268643889384 	0.00808675868121866 	0.104098639023688 	0.936012797440512 	1 	1 	1
GO:0060089 	molecular transducer activity 	0.114676500815787 	345 	1.04171153588747 	0.217537913862467 	0.516835043673244 	195559 	122 	663 	1.2268643889384 	0.00808675868121866 	0.104098639023688 	0.936012797440512 	1 	1 	1
GO:0008135 	translation factor activity, RNA binding 	0.00383557152139376 	14 	1.2638652159982 	0.225553029972626 	0.534085435520465 	96882 	5 	49 	0.680337144417997 	0.877550397922448 	0.962698608488399 	0.190961807638472 	0.694476030167101 	0.920215956808638 	1
GO:0030544 	Hsp70 protein binding 	0.00416493882188356 	15 	1.24705452812044 	0.230171754236461 	0.543205339998049 	101968 	5 	32 	1.04176625239006 	0.535698399832665 	0.806966951237292 	0.252949410117976 	0.768618808427156 	0.926014797040592 	1
GO:0042277 	peptide binding 	0.0151732641906748 	49 	1.11820098757639 	0.234343047809565 	0.551212218768014 	96241 	21 	122 	1.14765069115757 	0.280764409688133 	0.601800472139067 	0.0789842031593681 	0.453257735549664 	0.756648670265947 	1
GO:0017162 	aryl hydrocarbon receptor binding 	0.00143469071595603 	6 	1.44809073047175 	0.237562975421243 	0.556935717212716 	273518 	3 	7 	2.85741600655559 	0.0736988353735213 	0.32032762820541 	0.277144571085783 	0.785424524290544 	0.136372725454909 	1
GO:0140296 	general transcription initiation factor binding 	0.00295469784053888 	11 	1.28908757222813 	0.240068758415057 	0.560633821373681 	59504 	6 	24 	1.66682600382409 	0.13920837601444 	0.446901600671233 	0.192161567686463 	0.694476030167101 	0.488902219556089 	1
GO:0046527 	glucosyltransferase activity 	0.00203910859073317 	8 	1.3584774813278 	0.240724126691524 	0.560633821373681 	32187 	3 	14 	1.42870800327779 	0.352022421128032 	0.665955138886057 	0.273945210957808 	0.785424524290544 	0.607278544291142 	1
GO:0098918 	structural constituent of synapse 	0.00205652308428905 	8 	1.3469739890864 	0.247549137109534 	0.574638652700165 	158498 	2 	12 	1.11121733588273 	0.556575362095578 	0.815633034063895 	0.703259348130374 	1 	0.952209558088382 	1
GO:0004497 	monooxygenase activity 	0.00651446811320734 	22 	1.16935541006209 	0.259515942124662 	0.600448650406082 	88194 	10 	78 	0.854782566063637 	0.75168632861 	0.896635217276249 	0.687262547490502 	1 	0.957608478304339 	1
GO:0005543 	phospholipid binding 	0.0371048887932289 	114 	1.06384052059818 	0.263196111467288 	0.606979957390358 	149489 	44 	291 	1.00811469647093 	0.502226846053427 	0.786742940025288 	0.427914417116577 	0.969766046790642 	0.999000199960008 	1
GO:0016782 	transferase activity, transferring sulphur-containing groups 	0.0131054338924443 	42 	1.10968750881824 	0.269423518742421 	0.619324192433877 	114697 	14 	65 	1.43603471098691 	0.099477872275605 	0.371610156115427 	0.0937812437512497 	0.478695627780919 	0.981403719256149 	1
GO:0005024 	transforming growth factor beta receptor activity 	0.00242975245558849 	9 	1.28257653702008 	0.272987765920126 	0.623976504086705 	259583 	3 	7 	2.85741600655559 	0.0736988353735213 	0.32032762820541 	0.64747050589882 	1 	0.630473905218956 	1
GO:0019205 	nucleobase-containing compound kinase activity 	0.0015110528568951 	6 	1.37491042579329 	0.273935384304518 	0.623976504086705 	158054 	2 	31 	0.430148646148153 	0.958169996658535 	0.994127514588377 	0.664667066586683 	1 	0.792041591681664 	1
GO:0016209 	antioxidant activity 	0.00369513100304604 	13 	1.21819362773352 	0.275694596218957 	0.623976504086705 	76796 	2 	48 	0.277804333970682 	0.996161832751978 	0.99757083110099 	0.594681063787243 	1 	0.997200559888022 	1
GO:0022841 	potassium ion leak channel activity 	0.00181946759391075 	7 	1.33216042033026 	0.275811092658247 	0.623976504086705 	71283 	3 	8 	2.50023900573614 	0.10513158453232 	0.377833308877576 	0.821035792841432 	1 	0.932213557288542 	1
GO:0015295 	solute:proton symporter activity 	0.00121439612295203 	5 	1.4256484406831 	0.27585401946206 	0.623976504086705 	58378 	3 	11 	1.81835564053537 	0.221090052143174 	0.547313835375409 	0.200359928014397 	0.695665651558684 	0.188962207558488 	1
GO:0001965 	G-protein alpha-subunit binding 	0.00183028364954517 	7 	1.32428802239684 	0.280594946335202 	0.632679050972365 	74150 	5 	14 	2.38118000546299 	0.0466371891951632 	0.254122161250445 	0.228554289142172 	0.72563424534824 	0.231153769246151 	1
GO:0004842 	ubiquitin-protein transferase activity 	0.0268645014521393 	83 	1.06979882874681 	0.281629193744995 	0.632995140226847 	212244 	35 	228 	1.02348965147093 	0.46899730566401 	0.766859335820137 	0.935412917416517 	1 	0.994401119776045 	1
GO:0016879 	ligase activity, forming carbon-nitrogen bonds 	0.00341387607088791 	12 	1.2171281462654 	0.287117287939061 	0.643288100825492 	41954 	5 	41 	0.813085855523947 	0.756966378008389 	0.896635217276249 	0.303139372125575 	0.809896888546819 	0.856028794241152 	1
GO:0050840 	extracellular matrix binding 	0.00567815142969046 	19 	1.15864246487341 	0.291106962286251 	0.650169493055728 	80853 	6 	28 	1.42870800327779 	0.235175710563419 	0.56634150707109 	0.586682663467307 	1 	0.989002199560088 	1
GO:0031072 	heat shock protein binding 	0.0106050430683599 	34 	1.11011837573011 	0.293441982465403 	0.653323659073916 	260494 	10 	73 	0.913329317163886 	0.67203958362541 	0.861930335602362 	0.204559088182364 	0.695665651558684 	0.984803039392122 	1
GO:0008233 	peptidase activity 	0.0526844033799362 	159 	1.04500379865774 	0.295417856727866 	0.654823946961672 	150267 	64 	427 	0.999314887538565 	0.523846774922282 	0.799643625492627 	0.796840631873625 	1 	0.999800039992002 	1
GO:0016776 	phosphotransferase activity, phosphate group as acceptor 	0.00155840205556768 	6 	1.33313628498328 	0.297116606118627 	0.654823946961672 	158054 	2 	25 	0.533384321223709 	0.907098529048104 	0.971118550997359 	0.828634273145371 	1 	0.913817236552689 	1
GO:0030594 	neurotransmitter receptor activity 	0.0166083499478524 	52 	1.08412576943161 	0.297391192832628 	0.654823946961672 	171538 	17 	69 	1.64266910521795 	0.0238919070194163 	0.194430691606285 	0.0907818436312737 	0.473283445500681 	0.982403519296141 	1
GO:0070679 	inositol 1,4,5 trisphosphate binding 	0.00281053278512697 	10 	1.23200977993925 	0.297815410906297 	0.654823946961672 	251660 	4 	10 	2.66692160611855 	0.0498912152737456 	0.254122161250445 	0.23875224955009 	0.744654593310413 	0.754649070185963 	1
GO:0010484 	histone H3 acetyltransferase activity 	0.0018731960835498 	7 	1.29395034292842 	0.299766049468044 	0.657072331341718 	181591 	4 	7 	3.80988800874078 	0.0120771743285766 	0.131548298840496 	0.663267346530694 	1 	0.180163967206559 	1
GO:0034483 	heparan sulfate sulfotransferase activity 	0.00474874342649846 	16 	1.16665941016553 	0.302404100550195 	0.66000035032173 	158081 	5 	15 	2.22243467176546 	0.0615819681806917 	0.290666889812865 	0.151769646070786 	0.615634587368241 	0.927614477104579 	1
GO:0016853 	isomerase activity 	0.00768920728784156 	25 	1.1258000169899 	0.303231892248663 	0.66000035032173 	149831 	10 	100 	0.666730401529637 	0.945483445259464 	0.990240058052812 	0.482103579284143 	1 	0.948010397920416 	1
GO:0048027 	mRNA 5'-UTR binding 	0.00157210931313476 	6 	1.32151263879175 	0.303898466391079 	0.66000035032173 	9413 	4 	19 	1.40364295058871 	0.315735677189451 	0.635486694915304 	0.493101379724055 	1 	0.538292341531694 	1
GO:0016251 	RNA polymerase II general transcription initiation factor activity 	0.00127408002721036 	5 	1.35886435866114 	0.308795046596195 	0.663738713976856 	299556 	2 	17 	0.784388707681926 	0.747674157728501 	0.894177877823951 	0.524895020995801 	1 	0.504699060187962 	1
GO:0033612 	receptor serine/threonine kinase binding 	0.00380310028638999 	13 	1.18360934568573 	0.309271160213437 	0.663738713976856 	125858 	4 	12 	2.22243467176546 	0.0920920578954197 	0.355067364368762 	0.78004399120176 	1 	0.961807638472306 	1
GO:0070696 	transmembrane receptor protein serine/threonine kinase binding 	0.00380310028638999 	13 	1.18360934568573 	0.309271160213437 	0.663738713976856 	125858 	4 	12 	2.22243467176546 	0.0920920578954197 	0.355067364368762 	0.78004399120176 	1 	0.961807638472306 	1
GO:0003824 	catalytic activity 	0.398694921251536 	1165 	1.0117845257077 	0.309369739565484 	0.663738713976856 	153671 	529 	3855 	0.914916685886324 	0.996005308607186 	0.99757083110099 	0.880223955208958 	1 	1 	1
GO:0008234 	cysteine-type peptidase activity 	0.0107119675589842 	34 	1.09903741966821 	0.313305522126259 	0.66851836405448 	92763 	20 	116 	1.1495351750511 	0.284496028863458 	0.601800472139067 	0.895620875824835 	1 	0.807638472305539 	1
GO:0022840 	leak channel activity 	0.0019068207235799 	7 	1.27113298314218 	0.314974123607511 	0.66851836405448 	71283 	3 	10 	2.00019120458891 	0.179705736129018 	0.483770574826407 	0.880423915216957 	1 	0.963007398520296 	1
GO:0022842 	narrow pore channel activity 	0.0019068207235799 	7 	1.27113298314218 	0.314974123607511 	0.66851836405448 	71283 	3 	10 	2.00019120458891 	0.179705736129018 	0.483770574826407 	0.880423915216957 	1 	0.963007398520296 	1
GO:0140994 	RNA polymerase II CTD heptapeptide repeat modifying activity 	0.00159830410245359 	6 	1.29985421652895 	0.316932780287809 	0.66851836405448 	91156 	2 	13 	1.02573907927636 	0.601779266982114 	0.838700238234915 	0.585682863427315 	1 	0.740851829634073 	1
GO:0019207 	kinase regulator activity 	0.0251524456624765 	77 	1.06001818746681 	0.317940383896436 	0.66851836405448 	152688 	34 	144 	1.5742245591672 	0.00405623540290601 	0.0700442601282305 	0.697660467906419 	1 	0.88122375524895 	1
GO:0035252 	UDP-xylosyltransferase activity 	0.0016029974997399 	6 	1.29604838885083 	0.319277418934451 	0.66851836405448 	48951 	3 	9 	2.22243467176546 	0.140761379872437 	0.446901600671233 	0.650469906018796 	1 	0.583883223355329 	1
GO:0008013 	beta-catenin binding 	0.0137458562662892 	43 	1.08317709624354 	0.319740602564741 	0.66851836405448 	118763 	14 	56 	1.66682600382409 	0.0339701617118925 	0.221375605735635 	0.689062187562487 	1 	0.943011397720456 	1
GO:0008143 	poly(A) binding 	0.0028703800884307 	10 	1.20632242819432 	0.319772153952846 	0.66851836405448 	307692 	3 	9 	2.22243467176546 	0.140761379872437 	0.446901600671233 	0.817836432713457 	1 	0.961607678464307 	1
GO:0030674 	protein-macromolecule adaptor activity 	0.0248325728076951 	76 	1.05972867481252 	0.320095657365069 	0.66851836405448 	264044 	26 	175 	0.990570882272603 	0.553828247369754 	0.815633034063895 	0.339732053589282 	0.86827238868773 	0.994401119776045 	1
GO:0016409 	palmitoyltransferase activity 	0.00287527821510918 	10 	1.20426742007812 	0.321584898676563 	0.669653259597077 	92718 	6 	27 	1.4816231145103 	0.209418144283847 	0.54711456145005 	0.291541691661668 	0.787830220215499 	0.495900819836033 	1
GO:0046906 	tetrapyrrole binding 	0.0087850939278507 	28 	1.10360696633983 	0.325949522009578 	0.676751500242761 	104405 	13 	106 	0.817688228291064 	0.822367798648113 	0.928606700865812 	0.281743651269746 	0.785424524290544 	0.899420115976805 	1
GO:0005154 	epidermal growth factor receptor binding 	0.00321963209157444 	11 	1.18301226897804 	0.329773164738469 	0.678956133567875 	112743 	4 	19 	1.40364295058871 	0.315735677189451 	0.635486694915304 	0.412117576484703 	0.969766046790642 	0.877024595080984 	1
GO:0004862 	cAMP-dependent protein kinase inhibitor activity 	0.00162840797364081 	6 	1.27582421635088 	0.332013465414701 	0.678956133567875 	134221 	2 	10 	1.33346080305927 	0.455693581394711 	0.755576242687248 	0.870625874825035 	1 	0.936012797440512 	1
GO:0008603 	cAMP-dependent protein kinase regulator activity 	0.00162840797364081 	6 	1.27582421635088 	0.332013465414701 	0.678956133567875 	134221 	2 	10 	1.33346080305927 	0.455693581394711 	0.755576242687248 	0.870625874825035 	1 	0.936012797440512 	1
GO:0008188 	neuropeptide receptor activity 	0.00583959641473852 	19 	1.12660994034048 	0.332493679486955 	0.678956133567875 	99248 	8 	40 	1.33346080305927 	0.243744087172397 	0.567869829754906 	0.41751649670066 	0.969766046790642 	0.929414117176565 	1
GO:0045309 	protein phosphorylated amino acid binding 	0.00583983766862319 	19 	1.1265633981179 	0.332556659059919 	0.678956133567875 	75904 	10 	37 	1.80197405818821 	0.0416413853080184 	0.246463235803673 	0.288942211557688 	0.785424524290544 	0.34253149370126 	1
GO:0070325 	lipoprotein particle receptor binding 	0.00290616159586004 	10 	1.19146983534879 	0.333062571092982 	0.678956133567875 	201453 	6 	16 	2.50023900573614 	0.0234632891031269 	0.194430691606285 	0.676664667066587 	1 	0.159568086382723 	1
GO:0015248 	sterol transporter activity 	0.0013186341410358 	5 	1.31295094308586 	0.333728834066206 	0.678956133567875 	49035 	3 	20 	1.00009560229446 	0.595182145064415 	0.838700238234915 	0.271745650869826 	0.785424524290544 	0.2625474905019 	1
GO:0022857 	transmembrane transporter activity 	0.0945073204238123 	280 	1.02587723524991 	0.335585867743459 	0.678956133567875 	133679 	123 	733 	1.11879726313977 	0.0922773941297347 	0.355067364368762 	0.277344531093781 	0.785424524290544 	1 	1
GO:0005080 	protein kinase C binding 	0.00227087091321146 	8 	1.21983292241638 	0.335708529530097 	0.678956133567875 	135252 	3 	21 	0.952472002185195 	0.629608176425489 	0.857235747902397 	0.844631073785243 	1 	0.946010797840432 	1
GO:0010485 	histone H4 acetyltransferase activity 	0.00195428910743853 	7 	1.24025800760785 	0.336664722669603 	0.678956133567875 	171967 	4 	12 	2.22243467176546 	0.0920920578954197 	0.355067364368762 	0.691861627674465 	1 	0.426714657068586 	1
GO:0005249 	voltage-gated potassium channel activity 	0.0148581654715316 	46 	1.07200164581915 	0.337560111604367 	0.678956133567875 	152997 	16 	70 	1.52395520349631 	0.0522964489083981 	0.263410526890736 	0.907618476304739 	1 	0.999800039992002 	1
GO:0001223 	transcription coactivator binding 	0.00520754583904307 	17 	1.13036481573813 	0.339422712096912 	0.680768499049897 	175933 	5 	22 	1.51529636711281 	0.225966851945832 	0.551670797164306 	0.762647470505899 	1 	0.964407118576285 	1
GO:0035173 	histone kinase activity 	0.00229173793247949 	8 	1.20872594690443 	0.344584645656168 	0.689169291312336 	536564 	2 	13 	1.02573907927636 	0.601779266982114 	0.838700238234915 	0.872225554889022 	1 	0.972005598880224 	1
GO:0051219 	phosphoprotein binding 	0.00888968277329664 	28 	1.09062281590622 	0.34819946250434 	0.69443723789598 	136451 	13 	62 	1.3979830999815 	0.128622510525504 	0.429550648358758 	0.486102779444111 	1 	0.625674865026995 	1
GO:0016740 	transferase activity 	0.186121598272768 	546 	1.0157777146749 	0.34981240453164 	0.695264128172364 	180991 	217 	1529 	0.946242623492029 	0.834826719046352 	0.938186217594948 	0.957808438312338 	1 	1 	1
GO:0070566 	adenylyltransferase activity 	0.00295291775211491 	10 	1.17260424054696 	0.350578098527591 	0.695264128172364 	166398 	3 	17 	1.17658306152289 	0.480242397759606 	0.777884331578248 	0.821035792841432 	1 	0.984003199360128 	1
GO:0070717 	poly-purine tract binding 	0.00328343365177677 	11 	1.16002473930511 	0.352413045417273 	0.696950938981646 	280399 	4 	13 	2.05147815855273 	0.117874378023965 	0.407097851907159 	0.842831433713257 	1 	0.914617076584683 	1
GO:0020037 	heme binding 	0.00858880073227378 	27 	1.08851407342397 	0.355332180105679 	0.700766527896437 	108256 	12 	101 	0.792154932510459 	0.846957079128545 	0.947307443954202 	0.324135172965407 	0.846318648358241 	0.929614077184563 	1
GO:0016004 	phospholipase activator activity 	0.00167964606959384 	6 	1.23690482446233 	0.357860441982116 	0.703792202564828 	67060 	2 	8 	1.66682600382409 	0.342777205126209 	0.665955138886057 	0.0793841231753649 	0.453257735549664 	0.180363927214557 	1
GO:0008528 	G protein-coupled peptide receptor activity 	0.0119677757282358 	37 	1.07051089859612 	0.360862326994371 	0.707729993108074 	94556 	17 	88 	1.28800191204589 	0.160802925633318 	0.472202040808154 	0.279744051189762 	0.785424524290544 	0.932613477304539 	1
GO:0035925 	mRNA 3'-UTR AU-rich region binding 	0.00298423558209235 	10 	1.16029843585224 	0.362386791924724 	0.707792069410455 	303411 	3 	9 	2.22243467176546 	0.140761379872437 	0.446901600671233 	0.910217956408718 	1 	0.99120175964807 	1
GO:0035254 	glutamate receptor binding 	0.00201564929366846 	7 	1.20250220229041 	0.364973928411122 	0.707792069410455 	278145 	3 	12 	1.66682600382409 	0.264089383559092 	0.58982739293324 	0.678264347130574 	1 	0.849430113977205 	1
GO:0060229 	lipase activator activity 	0.00169735179791886 	6 	1.2240021953122 	0.366826037056025 	0.707792069410455 	67060 	2 	10 	1.33346080305927 	0.455693581394711 	0.755576242687248 	0.0835832833433313 	0.455817927323626 	0.187362527494501 	1
GO:0016491 	oxidoreductase activity 	0.0477028605276066 	142 	1.03073431080296 	0.367780465401086 	0.707792069410455 	138712 	61 	489 	0.831708680844741 	0.953802011623226 	0.99161795041005 	0.623875224955009 	1 	0.998600279944011 	1
GO:0033218 	amide binding 	0.0211362288070297 	64 	1.04846824957602 	0.368227357832578 	0.707792069410455 	147777 	26 	171 	1.01374213098073 	0.502844019167784 	0.786742940025288 	0.0267946410717856 	0.248657960715549 	0.801839632073585 	1
GO:0016829 	lyase activity 	0.0150431879776596 	46 	1.05881664597887 	0.368293418099064 	0.707792069410455 	112096 	19 	135 	0.938361305856526 	0.655439821438842 	0.861930335602362 	0.436312737452509 	0.969766046790642 	0.986602679464107 	1
GO:0140223 	general transcription initiation factor activity 	0.0017004929042739 	6 	1.22174125022704 	0.368417706285942 	0.707792069410455 	255807 	3 	26 	0.769304309457273 	0.770561027643274 	0.896635217276249 	0.49250149970006 	1 	0.55128974205159 	1
GO:0016887 	ATP hydrolysis activity 	0.0177522547614494 	54 	1.05327808738036 	0.368891629396127 	0.707792069410455 	103322 	25 	160 	1.04176625239006 	0.445539919795409 	0.755576242687248 	0.265346930613877 	0.782773445310938 	0.845630873825235 	1
GO:0030276 	clathrin binding 	0.00568614452652294 	18 	1.09611828393337 	0.380312251411869 	0.72773263243136 	202722 	7 	38 	1.22818758176512 	0.341015557907217 	0.665955138886057 	0.466906618676265 	0.983838946496415 	0.859428114377125 	1
GO:0070411 	I-SMAD binding 	0.00173665888004535 	6 	1.19629845028377 	0.386756268292295 	0.738068565905511 	52709 	2 	9 	1.4816231145103 	0.400496012341572 	0.725194825416453 	0.334933013397321 	0.862300267219283 	0.512897420515897 	1
GO:0005230 	extracellular ligand-gated monoatomic ion channel activity 	0.0131283847301266 	40 	1.05499768609629 	0.388271987075563 	0.738254406054727 	181620 	14 	63 	1.4816231145103 	0.0808463603764648 	0.334732299102556 	0.200959808038392 	0.695665651558684 	0.942211557688462 	1
GO:0008081 	phosphoric diester hydrolase activity 	0.00908001190371657 	28 	1.06776191061571 	0.389546066267556 	0.738254406054727 	132968 	15 	60 	1.66682600382409 	0.0288176157201597 	0.212529915936178 	0.436712657468506 	0.969766046790642 	0.667066586682663 	1
GO:0010314 	phosphatidylinositol-5-phosphate binding 	0.00174301894759471 	6 	1.19193330040201 	0.389981847266198 	0.738254406054727 	35369 	3 	11 	1.81835564053537 	0.221090052143174 	0.547313835375409 	0.242751449710058 	0.750515399103585 	0.377324535092981 	1
GO:0005178 	integrin binding 	0.0104618324556073 	32 	1.05911965776449 	0.396139196017869 	0.747910802081737 	63585 	15 	63 	1.58745333697533 	0.0429900232273721 	0.249483085614586 	0.742851429714057 	1 	0.945610877824435 	1
GO:0030165 	PDZ domain binding 	0.0111448058632153 	34 	1.05635336587183 	0.397383428317897 	0.748264540556041 	346380 	13 	45 	1.92611004886339 	0.0125423646258971 	0.134545365986896 	0.993201359728054 	1 	0.941411717656469 	1
GO:0019787 	ubiquitin-like protein transferase activity 	0.0285264725508755 	85 	1.03174806879814 	0.400127987616918 	0.751433992659888 	210287 	37 	244 	1.01102560887691 	0.498805669175791 	0.786742940025288 	0.944011197760448 	1 	0.99380123975205 	1
GO:0016773 	phosphotransferase activity, alcohol group as acceptor 	0.0727649657413957 	214 	1.01834340519087 	0.401323915715128 	0.751686064355319 	223520 	76 	493 	1.02781968592804 	0.415549550051212 	0.741080809663118 	0.923215356928614 	1 	1 	1
GO:0140678 	molecular function inhibitor activity 	0.028911815558464 	86 	1.02997313647025 	0.405575540560334 	0.757645073131178 	163408 	41 	231 	1.18337430574524 	0.139011086301897 	0.446901600671233 	0.42251549690062 	0.969766046790642 	0.943211357728454 	1
GO:0035251 	UDP-glucosyltransferase activity 	0.00178215590247982 	6 	1.16575790253756 	0.409814229798736 	0.763268927717179 	13505 	2 	10 	1.33346080305927 	0.455693581394711 	0.755576242687248 	0.0441911617676465 	0.312873425314937 	0.118576284743051 	1
GO:0004190 	aspartic-type endopeptidase activity 	0.00985930904858594 	30 	1.0536044243221 	0.411820240660964 	0.763268927717179 	217698 	9 	40 	1.50014340344168 	0.135027529830293 	0.442590236665959 	0.226354729054189 	0.72563424534824 	0.91121775644871 	1
GO:0070001 	aspartic-type peptidase activity 	0.00985930904858594 	30 	1.0536044243221 	0.411820240660964 	0.763268927717179 	217698 	9 	40 	1.50014340344168 	0.135027529830293 	0.442590236665959 	0.226354729054189 	0.72563424534824 	0.91121775644871 	1
GO:0022804 	active transmembrane transporter activity 	0.0255625167126586 	76 	1.02946786380594 	0.414719640800789 	0.763873586087241 	96970 	32 	221 	0.965401486377754 	0.615264347732232 	0.852460192161292 	0.208158368326335 	0.701791070357357 	0.985202959408118 	1
GO:0015078 	proton transmembrane transporter activity 	0.00614907997374523 	19 	1.06990759536568 	0.415097567489819 	0.763873586087241 	55402 	10 	69 	0.96627594424585 	0.598658817239458 	0.838700238234915 	0.441511697660468 	0.973801501381966 	0.758648270345931 	1
GO:0046332 	SMAD binding 	0.0112349454271939 	34 	1.04787809267856 	0.415383235372299 	0.763873586087241 	146276 	15 	50 	2.00019120458891 	0.00520269201589119 	0.081855687716688 	0.784843031393721 	1 	0.918216356728654 	1
GO:0008483 	transaminase activity 	0.00214264591526344 	7 	1.13122877532634 	0.42389126396936 	0.772838492817929 	138851 	3 	16 	1.25011950286807 	0.438596085655009 	0.751879003980016 	0.28494301139772 	0.785424524290544 	0.482703459308138 	1
GO:0016769 	transferase activity, transferring nitrogenous groups 	0.00214264591526344 	7 	1.13122877532634 	0.42389126396936 	0.772838492817929 	138851 	3 	16 	1.25011950286807 	0.438596085655009 	0.751879003980016 	0.28494301139772 	0.785424524290544 	0.482703459308138 	1
GO:0030296 	protein tyrosine kinase activator activity 	0.00415666986901563 	13 	1.08293061113782 	0.424546026209261 	0.772838492817929 	82532 	7 	20 	2.33355640535373 	0.0218400346024106 	0.192379612902647 	0.709058188362327 	1 	0.64247150569886 	1
GO:0008252 	nucleotidase activity 	0.00148088554843143 	5 	1.16909908459299 	0.42511335138916 	0.772838492817929 	340105 	1 	9 	0.740811557255152 	0.768453408339515 	0.896635217276249 	0.569486102779444 	1 	0.569486102779444 	1
GO:0050750 	low-density lipoprotein particle receptor binding 	0.00248055994699835 	8 	1.11671685493635 	0.425716118925131 	0.772838492817929 	220281 	5 	14 	2.38118000546299 	0.0466371891951632 	0.254122161250445 	0.798240351929614 	1 	0.231153769246151 	1
GO:0000049 	tRNA binding 	0.00248939599067089 	8 	1.11275309869304 	0.429514926955827 	0.776278469252603 	43275 	3 	38 	0.526366106470766 	0.938673096848157 	0.987489676921984 	0.340931813637273 	0.86827238868773 	0.778644271145771 	1
GO:0005496 	steroid binding 	0.00654307351903119 	20 	1.05840286466139 	0.429921452095616 	0.776278469252603 	148873 	5 	50 	0.666730401529637 	0.888273293026404 	0.963089573449761 	0.516896620675865 	1 	0.998000399920016 	1
GO:0016755 	aminoacyltransferase activity 	0.0291135816608908 	86 	1.02283510488862 	0.430900336746148 	0.776278469252603 	207929 	38 	254 	0.997470679453787 	0.534226984863764 	0.806966951237292 	0.955808838232354 	1 	0.995400919816037 	1
GO:0003785 	actin monomer binding 	0.00285122587562677 	9 	1.0929837291897 	0.440173048297288 	0.789914148292544 	91924 	3 	19 	1.05273221294153 	0.558731668814956 	0.815633034063895 	0.607678464307139 	1 	0.946610677864427 	1
GO:0048487 	beta-tubulin binding 	0.00420807136401404 	13 	1.06970263861148 	0.441553828048576 	0.789914148292544 	91912 	6 	21 	1.90494400437039 	0.0825488405051699 	0.336195797181477 	0.698460307938412 	1 	0.768846230753849 	1
GO:0005520 	insulin-like growth factor binding 	0.00151270607076618 	5 	1.14450650560375 	0.442859216141288 	0.789914148292544 	159718 	3 	12 	1.66682600382409 	0.264089383559092 	0.58982739293324 	0.495100979804039 	1 	0.416516696660668 	1
GO:0008028 	monocarboxylic acid transmembrane transporter activity 	0.00557143262962923 	17 	1.0565373368231 	0.443020706048444 	0.789914148292544 	199285 	9 	26 	2.30791292837182 	0.0105213482433084 	0.124151909271039 	0.694861027794441 	1 	0.505498900219956 	1
GO:0001784 	phosphotyrosine residue binding 	0.00489486061991743 	15 	1.06109371041951 	0.444047783927165 	0.789914148292544 	79595 	7 	29 	1.60934924507154 	0.132986760588936 	0.439974890172742 	0.348130373925215 	0.878547694716376 	0.533493301339732 	1
GO:0030291 	protein serine/threonine kinase inhibitor activity 	0.00357274607921468 	11 	1.06608871200978 	0.456761420218389 	0.810493948658193 	126808 	7 	22 	2.12141491395794 	0.0367017006161694 	0.232007178895071 	0.793641271745651 	1 	0.510897820435913 	1
GO:0071949 	FAD binding 	0.00187902942947046 	6 	1.10565715165797 	0.45853588495184 	0.811608516364756 	24636 	4 	32 	0.833413001912046 	0.728142989038123 	0.879735898018756 	0.436712657468506 	0.969766046790642 	0.5374925014997 	1
GO:0005215 	transporter activity 	0.101105361381715 	294 	1.00687592255648 	0.459698021385746 	0.811636406835681 	129709 	133 	803 	1.10429817438906 	0.11065610493367 	0.39172261146519 	0.394121175764847 	0.939521186671756 	1 	1
GO:0046943 	carboxylic acid transmembrane transporter activity 	0.0125159497292456 	37 	1.02362462507291 	0.465578700287816 	0.818401676430838 	137412 	20 	91 	1.46534154182338 	0.047495101970217 	0.254122161250445 	0.652869426114777 	1 	0.791641671665667 	1
GO:0015297 	antiporter activity 	0.00565282073297054 	17 	1.04132553832191 	0.466373496859832 	0.818401676430838 	42933 	8 	54 	0.987748743006869 	0.573532760811461 	0.828696315621458 	0.376924615076985 	0.913913107789401 	0.873625274945011 	1
GO:0097602 	cullin family protein binding 	0.00155639897550529 	5 	1.11237668895028 	0.466997566776919 	0.818401676430838 	59857 	4 	19 	1.40364295058871 	0.315735677189451 	0.635486694915304 	0.456108778244351 	0.977478534143917 	0.243551289742052 	1
GO:0008083 	growth factor activity 	0.0146504276145809 	43 	1.01629775373121 	0.47829047529522 	0.834407136669141 	94809 	24 	78 	2.05147815855273 	0.000312195858000575 	0.00961020293323508 	0.654669066186763 	1 	0.566086782643471 	1
GO:0005021 	vascular endothelial growth factor receptor activity 	0.00226543645319573 	7 	1.06991423717151 	0.480267377217 	0.834407136669141 	243095 	1 	7 	0.952472002185195 	0.679470247215829 	0.861930335602362 	0.946410717856429 	1 	0.988602279544091 	1
GO:0005342 	organic acid transmembrane transporter activity 	0.0125934095273014 	37 	1.01732849402348 	0.480498416411095 	0.834407136669141 	137412 	20 	92 	1.44941391636878 	0.0524588761180703 	0.263410526890736 	0.670465906818636 	1 	0.813037392521496 	1
GO:0003714 	transcription corepressor activity 	0.017079970534923 	50 	1.01364457012278 	0.48085907735767 	0.834407136669141 	183730 	15 	89 	1.12370292392635 	0.354611705310796 	0.665955138886057 	0.818236352729454 	1 	1 	1
GO:0016278 	lysine N-methyltransferase activity 	0.0022719080165643 	7 	1.06686657074562 	0.48320187292987 	0.834407136669141 	57727 	4 	29 	0.919628140040878 	0.651457285981785 	0.861930335602362 	0.619076184763047 	1 	0.78244351129774 	1
GO:0016279 	protein-lysine N-methyltransferase activity 	0.0022719080165643 	7 	1.06686657074562 	0.48320187292987 	0.834407136669141 	57727 	4 	29 	0.919628140040878 	0.651457285981785 	0.861930335602362 	0.619076184763047 	1 	0.78244351129774 	1
GO:0030169 	low-density lipoprotein particle binding 	0.00229340940859681 	7 	1.05686438086274 	0.492917215764534 	0.849112868032337 	135811 	2 	11 	1.21223709369025 	0.507827699006163 	0.786742940025288 	0.460907818436313 	0.977478534143917 	0.762047590481904 	1
GO:0042887 	amide transmembrane transporter activity 	0.0036837911092955 	11 	1.03395229341774 	0.496500034650815 	0.852518181975582 	42712 	7 	27 	1.72856030026202 	0.0983272590012902 	0.371135779618332 	0.372325534893021 	0.908987857600894 	0.256948610277944 	1
GO:0042056 	chemoattractant activity 	0.00334026383976578 	10 	1.03662586077606 	0.497302272819089 	0.852518181975582 	156256 	3 	21 	0.952472002185195 	0.629608176425489 	0.857235747902397 	0.793641271745651 	1 	0.990601879624075 	1
GO:0030331 	nuclear estrogen receptor binding 	0.00230776834000377 	7 	1.05028857215256 	0.499374073538517 	0.852916450107648 	56024 	3 	22 	0.909177820267686 	0.661950663545548 	0.861930335602362 	0.513097380523895 	1 	0.719856028794241 	1
GO:0016538 	cyclin-dependent protein serine/threonine kinase regulator activity 	0.00300122427695934 	9 	1.03835741774753 	0.499943964399257 	0.852916450107648 	75003 	5 	25 	1.33346080305927 	0.317743347457652 	0.635486694915304 	0.569286142771446 	1 	0.634273145370926 	1
GO:0030554 	adenyl nucleotide binding 	0.124588243656869 	360 	1.0005256993228 	0.504173688581743 	0.856378762771223 	159563 	164 	1052 	1.03938959934278 	0.301624000378887 	0.62624572512684 	0.832633473305339 	1 	1 	1
GO:0008047 	enzyme activator activity 	0.0393936192221022 	114 	1.00203243545541 	0.504392576377966 	0.856378762771223 	160217 	47 	265 	1.18250297629785 	0.121610372553104 	0.410000684607608 	0.729854029194161 	1 	0.995600879824035 	1
GO:0005267 	potassium channel activity 	0.0182824990813249 	53 	1.00379059079306 	0.507703861178933 	0.859938597403552 	139009 	19 	87 	1.45607788839806 	0.0553988845980968 	0.276214157010229 	0.933413317336533 	1 	1 	1
GO:0036094 	small molecule binding 	0.175594338917042 	507 	0.999770366762434 	0.509917518841729 	0.861626738281489 	160727 	229 	1600 	0.954257887189293 	0.802966992877932 	0.920176029380854 	0.61627674465107 	1 	1 	1
GO:0019829 	ATPase-coupled monoatomic cation transmembrane transporter activity 	0.00304435489674812 	9 	1.02364658392275 	0.51681869162491 	0.871208651596276 	88179 	3 	32 	0.625059751434034 	0.878436619128227 	0.962698608488399 	0.238152369526095 	0.744654593310413 	0.788242351529694 	1
GO:0046875 	ephrin receptor binding 	0.00340473053019996 	10 	1.01699792315516 	0.521173313075146 	0.871595209129595 	149227 	3 	14 	1.42870800327779 	0.352022421128032 	0.665955138886057 	0.251549690061988 	0.767660261051238 	0.863427314537093 	1
GO:0016301 	kinase activity 	0.0763172225414885 	220 	0.998166374269545 	0.521331294228288 	0.871595209129595 	221000 	79 	538 	0.97902791302679 	0.60163005491937 	0.838700238234915 	0.956408718256349 	1 	1 	1
GO:0001653 	peptide receptor activity 	0.0128079322893195 	37 	1.00028904429125 	0.521583049238125 	0.871595209129595 	94556 	17 	94 	1.20578902404296 	0.237831212255188 	0.567869829754906 	0.306938612277544 	0.816964426663539 	0.945810837832433 	1
GO:0140359 	ABC-type transporter activity 	0.00340690469867459 	10 	1.01634891033595 	0.521972272134108 	0.871595209129595 	58479 	6 	37 	1.08118443491292 	0.487209095565913 	0.780416379322775 	0.418516296740652 	0.969766046790642 	0.701859628074385 	1
GO:0015271 	outward rectifier potassium channel activity 	0.00271391300724212 	8 	1.02069708760047 	0.524337509557862 	0.872042112304254 	74662 	4 	12 	2.22243467176546 	0.0920920578954197 	0.355067364368762 	0.908818236352729 	1 	0.956808638272346 	1
GO:0016597 	amino acid binding 	0.0044624558037421 	13 	1.00872372512384 	0.524703304861034 	0.872042112304254 	85930 	3 	31 	0.645222969222229 	0.86434659130728 	0.956183416633678 	0.263547290541892 	0.78071749666803 	0.978204359128174 	1
GO:0045294 	alpha-catenin binding 	0.00202145572680518 	6 	1.02775554236516 	0.528095037955243 	0.875623622651784 	84667 	2 	7 	1.90494400437039 	0.283365799977737 	0.601800472139067 	0.680863827234553 	1 	0.812637472505499 	1
GO:0043178 	alcohol binding 	0.0062308256326447 	18 	1.00029873215437 	0.53114027086322 	0.878615214418598 	161263 	8 	49 	1.08853943106879 	0.457295485839714 	0.756460756949807 	0.502299540091982 	1 	0.938012397520496 	1
GO:0002039 	p53 binding 	0.00449220500288373 	13 	1.00204354847155 	0.534219073883915 	0.881546825182579 	173942 	5 	39 	0.854782566063637 	0.715803512708083 	0.878817697043969 	0.20375924815037 	0.695665651558684 	0.76504699060188 	1
GO:0042285 	xylosyltransferase activity 	0.00203685176156498 	6 	1.01998700449047 	0.535402732808629 	0.881546825182579 	48951 	3 	11 	1.81835564053537 	0.221090052143174 	0.547313835375409 	0.849830033993201 	1 	0.849630073985203 	1
GO:0071855 	neuropeptide receptor binding 	0.00240083755274924 	7 	1.00957380973398 	0.540520583792385 	0.887908522795844 	241371 	4 	20 	1.33346080305927 	0.352178970068026 	0.665955138886057 	0.588082383523295 	1 	0.793041391721656 	1
GO:0005506 	iron ion binding 	0.0108432711871817 	31 	0.989929315320445 	0.546805387333613 	0.894647884354596 	90873 	16 	121 	0.881626977229272 	0.745663659949865 	0.893282354051615 	0.930413917216557 	1 	0.982003599280144 	1
GO:0099103 	channel activator activity 	0.00170681068030563 	5 	1.01434913610229 	0.547150471646243 	0.894647884354596 	64406 	2 	10 	1.33346080305927 	0.455693581394711 	0.755576242687248 	0.630273945210958 	1 	0.628474305138972 	1
GO:0022843 	voltage-gated monoatomic cation channel activity 	0.0195896799104492 	56 	0.989836577529196 	0.549014860017771 	0.895627928323921 	148473 	22 	94 	1.56043285464383 	0.0201790661845813 	0.1879839323511 	0.918816236752649 	1 	0.999600079984003 	1
GO:0099507 	ligand-gated monoatomic ion channel activity involved in regulation of presynaptic membrane potential 	0.00383878856024636 	11 	0.992204755784605 	0.550634100003294 	0.896116602104673 	103060 	5 	10 	3.33365200764818 	0.00984316171959687 	0.12015445685301 	0.476504699060188 	0.998122269037317 	0.751049790041992 	1
GO:0031005 	filamin binding 	0.00171596487153127 	5 	1.00893786800729 	0.551845817115307 	0.896116602104673 	30836 	3 	10 	2.00019120458891 	0.179705736129018 	0.483770574826407 	0.2875424915017 	0.785424524290544 	0.243951209758048 	1
GO:0140640 	catalytic activity, acting on a nucleic acid 	0.0468022078728918 	134 	0.991382545301534 	0.55314183993857 	0.89616572694853 	129401 	56 	437 	0.85439136122791 	0.916450284161037 	0.977178917448817 	0.458908218356329 	0.977478534143917 	0.997800439912018 	1
GO:0004653 	polypeptide N-acetylgalactosaminyltransferase activity 	0.00280124499115245 	8 	0.988875700355451 	0.559740095283565 	0.904233594449544 	215848 	3 	10 	2.00019120458891 	0.179705736129018 	0.483770574826407 	0.676064787042591 	1 	0.939212157568486 	1
GO:0016830 	carbon-carbon lyase activity 	0.00457656696885125 	13 	0.983572418406263 	0.56085614549414 	0.904233594449544 	67125 	5 	36 	0.92601444656894 	0.645229658046919 	0.860306210729225 	0.802839432113577 	1 	0.996600679864027 	1
GO:0099528 	G protein-coupled neurotransmitter receptor activity 	0.00280884208559254 	8 	0.98620108147116 	0.56276678431637 	0.904233594449544 	191038 	4 	7 	3.80988800874078 	0.0120771743285766 	0.131548298840496 	0.257748450309938 	0.776535756678452 	0.603879224155169 	1
GO:0070577 	lysine-acetylated histone binding 	0.00174106296490423 	5 	0.994393639952826 	0.564595403861319 	0.904233594449544 	147306 	2 	14 	0.952472002185195 	0.643405407957794 	0.859492507234185 	0.680863827234553 	1 	0.663467306538692 	1
GO:0140033 	acetylation-dependent protein binding 	0.00174106296490423 	5 	0.994393639952826 	0.564595403861319 	0.904233594449544 	147306 	2 	14 	0.952472002185195 	0.643405407957794 	0.859492507234185 	0.680863827234553 	1 	0.663467306538692 	1
GO:0043168 	anion binding 	0.175551222714816 	504 	0.994098661110235 	0.565784579577893 	0.904233594449544 	161449 	225 	1539 	0.974752049019937 	0.682110952799114 	0.861930335602362 	0.648270345930814 	1 	1 	1
GO:0016907 	G protein-coupled acetylcholine receptor activity 	0.00246640190030014 	7 	0.982736314947893 	0.568648942888533 	0.90521965595574 	208944 	3 	5 	4.00038240917782 	0.026580407950995 	0.20455357423157 	0.26994601079784 	0.785424524290544 	0.584483103379324 	1
GO:0016772 	transferase activity, transferring phosphorus-containing groups 	0.0890979498509202 	255 	0.991003710407539 	0.569536642414151 	0.90521965595574 	205783 	95 	659 	0.96114397792588 	0.68297022354933 	0.861930335602362 	0.967006598680264 	1 	1 	1
GO:0004812 	aminoacyl-tRNA ligase activity 	0.00247319065005095 	7 	0.980038766777445 	0.571515799734768 	0.90521965595574 	75837 	4 	32 	0.833413001912046 	0.728142989038123 	0.879735898018756 	0.528494301139772 	1 	0.702259548090382 	1
GO:0016875 	ligase activity, forming carbon-oxygen bonds 	0.00247319065005095 	7 	0.980038766777445 	0.571515799734768 	0.90521965595574 	75837 	4 	32 	0.833413001912046 	0.728142989038123 	0.879735898018756 	0.528494301139772 	1 	0.702259548090382 	1
GO:0019899 	enzyme binding 	0.145489815094805 	417 	0.992444602554227 	0.574526137730452 	0.907956485520446 	167376 	198 	1085 	1.21670617053335 	0.00130200635579525 	0.0317869137897599 	0.872425514897021 	1 	0.999400119976005 	1
GO:0004115 	3',5'-cyclic-AMP phosphodiesterase activity 	0.00249036773440558 	7 	0.973279038752074 	0.578729266723381 	0.91256196178208 	30070 	3 	10 	2.00019120458891 	0.179705736129018 	0.483770574826407 	0.427314537092581 	0.969766046790642 	0.729654069186163 	1
GO:1902936 	phosphatidylinositol bisphosphate binding 	0.0085473358215772 	24 	0.972261939972048 	0.582328866298749 	0.916197416310031 	136069 	8 	58 	0.919628140040878 	0.657566164004053 	0.861930335602362 	0.666866626674665 	1 	0.99120175964807 	1
GO:0004112 	cyclic-nucleotide phosphodiesterase activity 	0.00398485577278086 	11 	0.955834911753891 	0.599542941551762 	0.939107085439486 	75128 	5 	18 	1.85202889313788 	0.120387389911585 	0.407819483528241 	0.82003599280144 	1 	0.91121775644871 	1
GO:0004114 	3',5'-cyclic-nucleotide phosphodiesterase activity 	0.00398485577278086 	11 	0.955834911753891 	0.599542941551762 	0.939107085439486 	75128 	5 	18 	1.85202889313788 	0.120387389911585 	0.407819483528241 	0.82003599280144 	1 	0.91121775644871 	1
GO:1901981 	phosphatidylinositol phosphate binding 	0.01395721293151 	39 	0.96753952174553 	0.603734431946355 	0.943584939995628 	140232 	13 	106 	0.817688228291064 	0.822367798648113 	0.928606700865812 	0.700459908018396 	1 	0.999800039992002 	1
GO:1901618 	organic hydroxy compound transmembrane transporter activity 	0.00473563786188677 	13 	0.950534051131562 	0.609402900610272 	0.950346373638926 	237519 	6 	27 	1.4816231145103 	0.209418144283847 	0.54711456145005 	0.630273945210958 	1 	0.607278544291142 	1
GO:0140993 	histone modifying activity 	0.0125893841437595 	35 	0.96264546661042 	0.612304845119618 	0.951156733707137 	223133 	16 	90 	1.18529849160824 	0.269377101991875 	0.599365638770213 	0.953409318136373 	1 	0.963407318536293 	1
GO:0005244 	voltage-gated monoatomic ion channel activity 	0.0238896151789562 	67 	0.971110074800004 	0.612609421709681 	0.951156733707137 	137979 	27 	122 	1.47555088863116 	0.022281254601719 	0.192379612902647 	0.777044591081784 	1 	0.997400519896021 	1
GO:0051117 	ATPase binding 	0.0069238403921777 	19 	0.950187612044568 	0.618830627160315 	0.956658866094296 	182481 	7 	38 	1.22818758176512 	0.341015557907217 	0.665955138886057 	0.879224155168966 	1 	0.979804039192162 	1
GO:0016831 	carboxy-lyase activity 	0.00295437777064407 	8 	0.937619802727252 	0.618855594168344 	0.956658866094296 	29741 	2 	23 	0.57976556654751 	0.8797542368531 	0.962698608488399 	0.865226954609078 	1 	0.98620275944811 	1
GO:0019888 	protein phosphatase regulator activity 	0.00404936667707438 	11 	0.940607401026926 	0.620335727786104 	0.956857723905364 	49458 	8 	36 	1.4816231145103 	0.161676603912518 	0.472202040808154 	0.710057988402319 	1 	0.643671265746851 	1
GO:0022832 	voltage-gated channel activity 	0.0239782630057674 	67 	0.967519873220149 	0.624426625476632 	0.961074023559686 	137979 	27 	124 	1.45175168075002 	0.0270922368993873 	0.206250577685658 	0.782043591281744 	1 	0.997400519896021 	1
GO:0015464 	acetylcholine receptor activity 	0.00297811772959852 	8 	0.930145600008401 	0.627634852447399 	0.963916432825941 	191548 	4 	12 	2.22243467176546 	0.0920920578954197 	0.355067364368762 	0.281543691261748 	0.785424524290544 	0.64627074585083 	1
GO:0008198 	ferrous iron binding 	0.00263570253474836 	7 	0.919611633986175 	0.637256254701211 	0.974711344202638 	77214 	4 	17 	1.56877741536385 	0.24424662916689 	0.567869829754906 	0.969006198760248 	1 	0.96500699860028 	1
GO:0031593 	polyubiquitin modification-dependent protein binding 	0.00189274533757524 	5 	0.914704109785898 	0.637417164358505 	0.974711344202638 	59349 	3 	32 	0.625059751434034 	0.878436619128227 	0.962698608488399 	0.438312337532493 	0.969766046790642 	0.428314337132573 	1
GO:0005112 	Notch binding 	0.00301640020359329 	8 	0.91834070929753 	0.641556306761272 	0.976585301751618 	124464 	6 	18 	2.22243467176546 	0.0417734297972328 	0.246463235803673 	0.791841631673665 	1 	0.576484703059388 	1
GO:0015269 	calcium-activated potassium channel activity 	0.00190391125940098 	5 	0.909339618907914 	0.642470151598743 	0.976585301751618 	373823 	2 	7 	1.90494400437039 	0.283365799977737 	0.601800472139067 	0.742051589682064 	1 	0.686862627474505 	1
GO:0032451 	demethylase activity 	0.00265006723318045 	7 	0.914626876002884 	0.642780721209398 	0.976585301751618 	69890 	4 	21 	1.26996266958026 	0.38862595689797 	0.718758963663173 	0.867226554689062 	1 	0.882023595280944 	1
GO:0004674 	protein serine/threonine kinase activity 	0.0372608128128842 	104 	0.966459870675657 	0.652083948365353 	0.987590540681697 	252189 	35 	245 	0.952472002185195 	0.651085586775781 	0.861930335602362 	0.979804039192162 	1 	1 	1
GO:0003743 	translation initiation factor activity 	0.00268256730330988 	7 	0.903545909804691 	0.655096908982364 	0.987590540681697 	158421 	3 	33 	0.606118546845124 	0.891209849676342 	0.963323013085267 	0.665666866626675 	1 	0.883423315336933 	1
GO:0140104 	molecular carrier activity 	0.00305540067221694 	8 	0.906618607399583 	0.655430906818469 	0.987590540681697 	77405 	3 	52 	0.384652154728637 	0.989098787644225 	0.99757083110099 	0.171965606878624 	0.66169374820688 	0.630273945210958 	1
GO:0015459 	potassium channel regulator activity 	0.00452986944401855 	12 	0.917272496501247 	0.655603890000562 	0.987590540681697 	77766 	7 	26 	1.79504338873364 	0.0830992436536138 	0.336195797181477 	0.98380323935213 	1 	0.943411317736453 	1
GO:0015075 	monoatomic ion transmembrane transporter activity 	0.0707906765908006 	199 	0.973374185598188 	0.663752451798 	0.991483139060688 	143627 	86 	471 	1.2173845972728 	0.0277869271384666 	0.209288770362068 	0.60127974405119 	1 	1 	1
GO:0015278 	calcium-release channel activity 	0.00233218880792375 	6 	0.890820811681782 	0.664503812938119 	0.991483139060688 	337867 	3 	10 	2.00019120458891 	0.179705736129018 	0.483770574826407 	0.428114377124575 	0.969766046790642 	0.574085182963407 	1
GO:0004402 	histone acetyltransferase activity 	0.00308166851052077 	8 	0.898890679849586 	0.664596143152932 	0.991483139060688 	159981 	5 	24 	1.38902166985341 	0.286450224732861 	0.601800472139067 	0.850429914017197 	1 	0.672265546890622 	1
GO:0061733 	peptide-lysine-N-acetyltransferase activity 	0.00308166851052077 	8 	0.898890679849586 	0.664596143152932 	0.991483139060688 	159981 	5 	24 	1.38902166985341 	0.286450224732861 	0.601800472139067 	0.850429914017197 	1 	0.672265546890622 	1
GO:0005546 	phosphatidylinositol-4,5-bisphosphate binding 	0.00639327600240737 	17 	0.920721487791434 	0.665499797984811 	0.991483139060688 	113038 	5 	41 	0.813085855523947 	0.756966378008389 	0.896635217276249 	0.647270545890822 	1 	0.994601079784043 	1
GO:0140299 	small molecule sensor activity 	0.00345959512378994 	9 	0.90078271554817 	0.666590359029502 	0.991483139060688 	186055 	6 	27 	1.4816231145103 	0.209418144283847 	0.54711456145005 	0.862027594481104 	1 	0.594681063787243 	1
GO:0015081 	sodium ion transmembrane transporter activity 	0.0147184208408831 	40 	0.941025919981395 	0.671765226201017 	0.995882205977489 	102030 	15 	89 	1.12370292392635 	0.354611705310796 	0.665955138886057 	0.548490301939612 	1 	0.982603479304139 	1
GO:0008467 	[heparan sulfate]-glucosamine 3-sulfotransferase 1 activity 	0.00197210729275363 	5 	0.877894395208477 	0.672361150363333 	0.995882205977489 	172633 	1 	7 	0.952472002185195 	0.679470247215829 	0.861930335602362 	0.36752649470106 	0.903502632806772 	0.36752649470106 	1
GO:0015179 	L-amino acid transmembrane transporter activity 	0.004224269976438 	11 	0.901662130302499 	0.673823453928917 	0.995964520629799 	48776 	7 	38 	1.22818758176512 	0.341015557907217 	0.665955138886057 	0.873425314937013 	1 	0.923215356928614 	1
GO:0016779 	nucleotidyltransferase activity 	0.0129498635836637 	35 	0.93584874428295 	0.675906981550832 	0.996962797787477 	116575 	14 	100 	0.933422562141491 	0.653110292887928 	0.861930335602362 	0.715456908618276 	1 	0.988002399520096 	1
GO:0032559 	adenyl ribonucleotide binding 	0.119763080419181 	338 	0.977229465630783 	0.68239690519206 	0.999999977174277 	163739 	155 	981 	1.05344762728944 	0.245763395999848 	0.567869829754906 	0.879624075184963 	1 	1 	1
GO:0015079 	potassium ion transmembrane transporter activity 	0.0205170050563979 	56 	0.945098062029521 	0.683182540997264 	0.999999977174277 	135660 	21 	102 	1.37268023844337 	0.0779282780324234 	0.330084547449765 	0.935812837432514 	1 	0.999800039992002 	1
GO:0001968 	fibronectin binding 	0.00200044549307971 	5 	0.865458191711492 	0.684283593154684 	0.999999977174277 	136315 	2 	11 	1.21223709369025 	0.507827699006163 	0.786742940025288 	0.691861627674465 	1 	0.680263947210558 	1
GO:0019955 	cytokine binding 	0.00939055371183495 	25 	0.921831657741441 	0.684962850057563 	0.999999977174277 	121968 	11 	70 	1.04771920240371 	0.484209840348482 	0.780416379322775 	0.571685662867427 	1 	0.872025594881024 	1
GO:0015355 	secondary active monocarboxylate transmembrane transporter activity 	0.0027771311367353 	7 	0.872779352267393 	0.689446893611326 	0.999999977174277 	202990 	3 	8 	2.50023900573614 	0.10513158453232 	0.377833308877576 	0.856028794241152 	1 	0.803239352129574 	1
GO:0140161 	monocarboxylate:sodium symporter activity 	0.0027771311367353 	7 	0.872779352267393 	0.689446893611326 	0.999999977174277 	202990 	3 	8 	2.50023900573614 	0.10513158453232 	0.377833308877576 	0.856028794241152 	1 	0.803239352129574 	1
GO:0005540 	hyaluronic acid binding 	0.00203774468928953 	5 	0.849616710159013 	0.699523651987365 	0.999999977174277 	84736 	2 	16 	0.833413001912046 	0.716211597732161 	0.878817697043969 	0.418316336732653 	0.969766046790642 	0.395520895820836 	1
GO:0000166 	nucleotide binding 	0.154001268486013 	435 	0.978065117117794 	0.70000276471668 	0.999999977174277 	151524 	206 	1401 	0.980345915168488 	0.640144202229278 	0.859492507234185 	0.852029594081184 	1 	1 	1
GO:1901265 	nucleoside phosphate binding 	0.154001268486013 	435 	0.978065117117794 	0.70000276471668 	0.999999977174277 	151524 	206 	1401 	0.980345915168488 	0.640144202229278 	0.859492507234185 	0.852029594081184 	1 	1 	1
GO:0005096 	GTPase activator activity 	0.019224757938852 	52 	0.936580851809686 	0.701777503717893 	0.999999977174277 	147825 	21 	127 	1.1024675930805 	0.349346828181549 	0.665955138886057 	0.694061187762448 	1 	0.986002799440112 	1
GO:0003774 	cytoskeletal motor activity 	0.0112984201893054 	30 	0.919403904289353 	0.702230485999391 	0.999999977174277 	129271 	19 	82 	1.5448631254955 	0.0323585051765938 	0.221375605735635 	0.257748450309938 	0.776535756678452 	0.337932413517297 	1
GO:0043495 	protein-membrane adaptor activity 	0.00204523028791042 	5 	0.8465070898334 	0.702519939803692 	0.999999977174277 	49290 	4 	17 	1.56877741536385 	0.24424662916689 	0.567869829754906 	0.816636672665467 	1 	0.730453909218156 	1
GO:0019894 	kinesin binding 	0.00205280527542084 	5 	0.843383422571944 	0.705530776258541 	0.999999977174277 	121249 	3 	23 	0.869648349821265 	0.692190633532921 	0.86432269584005 	0.512097580483903 	1 	0.507098580283943 	1
GO:0008266 	poly(U) RNA binding 	0.00283183233127988 	7 	0.855920277450172 	0.708278398751996 	0.999999977174277 	393515 	2 	11 	1.21223709369025 	0.507827699006163 	0.786742940025288 	0.969206158768246 	1 	0.993601279744051 	1
GO:0017147 	Wnt-protein binding 	0.00510076167936368 	13 	0.882492718638993 	0.710113957212518 	0.999999977174277 	154596 	4 	23 	1.15953113309502 	0.460350863629727 	0.757973049883365 	0.876424715056989 	1 	0.991801639672066 	1
GO:0043167 	ion binding 	0.372374355036935 	1061 	0.986593911473051 	0.716700959394457 	0.999999977174277 	176967 	464 	3025 	1.02268729358596 	0.285660137028608 	0.601800472139067 	0.97120575884823 	1 	1 	1
GO:0004930 	G protein-coupled receptor activity 	0.047537400731896 	131 	0.954198380747582 	0.720737581925516 	0.999999977174277 	119607 	57 	335 	1.13443680260267 	0.165965823022058 	0.473805656046844 	0.604279144171166 	1 	0.993601279744051 	1
GO:0008187 	poly-pyrimidine tract binding 	0.00287400370255509 	7 	0.843361027171461 	0.722266462409148 	0.999999977174277 	393515 	2 	12 	1.11121733588273 	0.556575362095578 	0.815633034063895 	0.970605878824235 	1 	0.994001199760048 	1
GO:0000993 	RNA polymerase II complex binding 	0.00330696407548477 	8 	0.837651404509742 	0.736973102375704 	0.999999977174277 	265390 	4 	20 	1.33346080305927 	0.352178970068026 	0.665955138886057 	0.759848030393921 	1 	0.914617076584683 	1
GO:0060090 	molecular adaptor activity 	0.0324242049138216 	88 	0.939758251849526 	0.737475140252767 	0.999999977174277 	246313 	35 	225 	1.03713618015721 	0.435424296352076 	0.751879003980016 	0.747050589882024 	1 	0.997200559888022 	1
GO:0008227 	G protein-coupled amine receptor activity 	0.00783412974588743 	20 	0.88397920137436 	0.738869710066152 	0.999999977174277 	174644 	7 	33 	1.41427660930529 	0.217089819618668 	0.547313835375409 	0.488102379524095 	1 	0.914617076584683 	1
GO:0071813 	lipoprotein particle binding 	0.00292917010379362 	7 	0.82747762294252 	0.739862854071784 	0.999999977174277 	135811 	2 	16 	0.833413001912046 	0.716211597732161 	0.878817697043969 	0.460907818436313 	0.977478534143917 	0.762047590481904 	1
GO:0071814 	protein-lipid complex binding 	0.00292917010379362 	7 	0.82747762294252 	0.739862854071784 	0.999999977174277 	135811 	2 	16 	0.833413001912046 	0.716211597732161 	0.878817697043969 	0.460907818436313 	0.977478534143917 	0.762047590481904 	1
GO:0004888 	transmembrane signaling receptor activity 	0.0976178221376496 	272 	0.96481178766679 	0.741662820185131 	0.999999977174277 	192838 	108 	572 	1.25886159729372 	0.00569752542264745 	0.082323428555804 	0.99380123975205 	1 	1 	1
GO:0008375 	acetylglucosaminyltransferase activity 	0.00371267333232567 	9 	0.839379932290618 	0.742895737727828 	0.999999977174277 	104270 	4 	32 	0.833413001912046 	0.728142989038123 	0.879735898018756 	0.787242551489702 	1 	0.953209358128374 	1
GO:0004715 	non-membrane spanning protein tyrosine kinase activity 	0.00294841466665795 	7 	0.822076603434097 	0.745813600118547 	0.999999977174277 	98202 	5 	25 	1.33346080305927 	0.317743347457652 	0.635486694915304 	0.44751049790042 	0.977478534143917 	0.409718056388722 	1
GO:0043175 	RNA polymerase core enzyme binding 	0.0033633703871266 	8 	0.823603345351332 	0.753295751654071 	0.999999977174277 	265390 	4 	22 	1.21223709369025 	0.424772424665112 	0.746250314299999 	0.767046590681864 	1 	0.920615876824635 	1
GO:0016705 	oxidoreductase activity, acting on paired donors, with incorporation or reduction of molecular oxygen 	0.0131047879856296 	34 	0.89836273570434 	0.757454237062841 	0.999999977174277 	85289 	17 	125 	0.906753346080306 	0.707295201625046 	0.876996502190074 	0.949210157968406 	1 	0.991801639672066 	1
GO:0030551 	cyclic nucleotide binding 	0.00299177596745199 	7 	0.81016183733361 	0.758866124982666 	0.999999977174277 	54994 	4 	17 	1.56877741536385 	0.24424662916689 	0.567869829754906 	0.339132173565287 	0.86827238868773 	0.541491701659668 	1
GO:0001222 	transcription corepressor binding 	0.00417061069110054 	10 	0.830239054799582 	0.762042878688711 	0.999999977174277 	61923 	3 	26 	0.769304309457273 	0.770561027643274 	0.896635217276249 	0.407718456308738 	0.968673379418076 	0.943011397720456 	1
GO:0004175 	endopeptidase activity 	0.037013735193998 	100 	0.935491611416139 	0.764801640192581 	0.999999977174277 	149167 	43 	285 	1.00594411458857 	0.508938229564381 	0.786742940025288 	0.802239552089582 	1 	0.999400119976005 	1
GO:0016757 	glycosyltransferase activity 	0.0276833286707736 	74 	0.92558481686895 	0.765233104926901 	0.999999977174277 	148934 	27 	201 	0.895608002054736 	0.762665414643541 	0.896635217276249 	0.849830033993201 	1 	0.999600079984003 	1
GO:0016811 	hydrolase activity, acting on carbon-nitrogen (but not peptide) bonds, in linear amides 	0.006119201977709 	15 	0.84878809950952 	0.770470779056551 	0.999999977174277 	187924 	6 	45 	0.888973868706182 	0.686091389900207 	0.862793435256389 	0.823235352929414 	1 	0.957208558288342 	1
GO:0008324 	monoatomic cation transmembrane transporter activity 	0.0563881974159008 	154 	0.945660655361807 	0.773094057808343 	0.999999977174277 	119096 	64 	376 	1.13486025792279 	0.149281239553017 	0.461533264644263 	0.759448110377924 	1 	1 	1
GO:0022890 	inorganic cation transmembrane transporter activity 	0.0539093589259043 	147 	0.944182569083601 	0.7739858061015 	0.999999977174277 	122399 	62 	333 	1.24135990675188 	0.039129855081602 	0.243016994717318 	0.756448710257948 	1 	0.999800039992002 	1
GO:0046873 	metal ion transmembrane transporter activity 	0.0471992108441257 	128 	0.939026921154665 	0.778723707835147 	0.999999977174277 	131950 	52 	270 	1.28407336590893 	0.0321357701118528 	0.221375605735635 	0.699060187962408 	1 	1 	1
GO:0008376 	acetylgalactosaminyltransferase activity 	0.00385902985728761 	9 	0.80754583549532 	0.781143934344865 	0.999999977174277 	194129 	4 	20 	1.33346080305927 	0.352178970068026 	0.665955138886057 	0.714057188562288 	1 	0.942211557688462 	1
GO:0015020 	glucuronosyltransferase activity 	0.00227149086841311 	5 	0.762187496825677 	0.783285451726259 	0.999999977174277 	127669 	1 	12 	0.555608667941364 	0.857848254730091 	0.95047975641456 	0.904819036192761 	1 	0.904819036192761 	1
GO:0022839 	monoatomic ion-gated channel activity 	0.0419137419226746 	113 	0.933522563909939 	0.78479032496164 	0.999999977174277 	160694 	47 	218 	1.4374462785272 	0.00567738012025498 	0.082323428555804 	0.769246150769846 	1 	0.999600079984003 	1
GO:0022836 	gated channel activity 	0.0419433190722331 	113 	0.932864272265411 	0.787076197250236 	0.999999977174277 	160694 	47 	219 	1.43088259689009 	0.00620382407926967 	0.0861236754533907 	0.769846030793841 	1 	0.999600079984003 	1
GO:0052866 	phosphatidylinositol phosphate phosphatase activity 	0.00233250983898942 	5 	0.742248504215646 	0.801889370800185 	0.999999977174277 	52778 	3 	26 	0.769304309457273 	0.770561027643274 	0.896635217276249 	0.884223155368926 	1 	0.877824435112977 	1
GO:0016874 	ligase activity 	0.0097146182327162 	24 	0.85543755898637 	0.804310360255514 	0.999999977174277 	54112 	14 	121 	0.771423605075613 	0.885693737278431 	0.963089573449761 	0.67126574685063 	1 	0.917016596680664 	1
GO:0008276 	protein methyltransferase activity 	0.00745155779387471 	18 	0.836427382437103 	0.805671599534546 	0.999999977174277 	114334 	10 	56 	1.19059000273149 	0.326906093282297 	0.651970462095398 	0.502099580083983 	1 	0.784843031393721 	1
GO:0034212 	peptide N-acetyltransferase activity 	0.00359656869886268 	8 	0.770201637846941 	0.813115736741523 	0.999999977174277 	159981 	5 	27 	1.23468592875859 	0.38122987412473 	0.710291449685024 	0.908818236352729 	1 	0.830233953209358 	1
GO:0043014 	alpha-tubulin binding 	0.00441348510983667 	10 	0.784550936945267 	0.817348480568162 	0.999999977174277 	95396 	5 	24 	1.38902166985341 	0.286450224732861 	0.601800472139067 	0.750049990002 	1 	0.629474105178964 	1
GO:0005524 	ATP binding 	0.116747394365533 	322 	0.955017844134969 	0.81768541714512 	0.999999977174277 	169513 	148 	947 	1.04198626638211 	0.300845952122205 	0.62624572512684 	0.944411117776445 	1 	1 	1
GO:0005262 	calcium channel activity 	0.0124415666390976 	31 	0.862758873824531 	0.818023473625338 	0.999999977174277 	137656 	15 	66 	1.51529636711281 	0.0615065027041647 	0.290666889812865 	0.197160567886423 	0.694476030167101 	0.802239552089582 	1
GO:0015267 	channel activity 	0.0535088563315864 	144 	0.931836321372505 	0.818693419254217 	0.999999977174277 	155921 	66 	329 	1.337513875409 	0.00726849443139721 	0.0970961142911174 	0.797640471905619 	1 	0.999800039992002 	1
GO:0022803 	passive transmembrane transporter activity 	0.0535088563315864 	144 	0.931836321372505 	0.818693419254217 	0.999999977174277 	155921 	66 	329 	1.337513875409 	0.00726849443139721 	0.0970961142911174 	0.797640471905619 	1 	0.999800039992002 	1
GO:0003777 	microtubule motor activity 	0.00753300260629647 	18 	0.827384152953806 	0.818921476902256 	0.999999977174277 	154053 	11 	50 	1.4668068833652 	0.11945869126114 	0.407819483528241 	0.426514697060588 	0.969766046790642 	0.595280943811238 	1
GO:0004843 	cysteine-type deubiquitinase activity 	0.00599332800367298 	14 	0.808840334851026 	0.819512948215497 	0.999999977174277 	94894 	10 	66 	1.01019757807521 	0.538939122678657 	0.81012505065072 	0.986402719456109 	1 	0.863227354529094 	1
GO:0004864 	protein phosphatase inhibitor activity 	0.00240299442014847 	5 	0.720476886896474 	0.821780768333534 	0.999999977174277 	85326 	4 	15 	1.77794773741236 	0.177200993691775 	0.483770574826407 	0.688062387522495 	1 	0.491501699660068 	1
GO:0071889 	14-3-3 protein binding 	0.00281956202414143 	6 	0.736838668233388 	0.821890623907631 	0.999999977174277 	88909 	3 	15 	1.33346080305927 	0.395727777987096 	0.725194825416453 	0.960407918416317 	1 	0.979204159168166 	1
GO:0048029 	monosaccharide binding 	0.00285272049630672 	6 	0.728274056136773 	0.830047606122165 	0.999999977174277 	11452 	5 	31 	1.07537161537038 	0.505975154885639 	0.786742940025288 	0.950409918016397 	1 	0.703859228154369 	1
GO:0017046 	peptide hormone binding 	0.00488121103260166 	11 	0.780311328579841 	0.831301071491945 	0.999999977174277 	153743 	2 	28 	0.476236001092598 	0.937409159529369 	0.987489676921984 	0.781843631273745 	1 	0.996400719856029 	1
GO:0003964 	RNA-directed DNA polymerase activity 	0.00368395066365748 	8 	0.751932736184609 	0.832440263078999 	0.999999977174277 	77333 	3 	21 	0.952472002185195 	0.629608176425489 	0.857235747902397 	0.794641071785643 	1 	0.970205958808238 	1
GO:0001098 	basal transcription machinery binding 	0.00529775076263981 	12 	0.784318636324287 	0.835037253298082 	0.999999977174277 	183982 	7 	33 	1.41427660930529 	0.217089819618668 	0.547313835375409 	0.739452109578084 	1 	0.849030193961208 	1
GO:0001099 	basal RNA polymerase II transcription machinery binding 	0.00529775076263981 	12 	0.784318636324287 	0.835037253298082 	0.999999977174277 	183982 	7 	33 	1.41427660930529 	0.217089819618668 	0.547313835375409 	0.739452109578084 	1 	0.849030193961208 	1
GO:0015171 	amino acid transmembrane transporter activity 	0.00687813864035106 	16 	0.805474634152384 	0.837242150891471 	0.999999977174277 	51347 	12 	54 	1.4816231145103 	0.100924536059899 	0.372159226720877 	0.908618276344731 	1 	0.83003399320136 	1
GO:0043548 	phosphatidylinositol 3-kinase binding 	0.00290136054743794 	6 	0.716064857469855 	0.841468496783227 	0.999999977174277 	123507 	3 	13 	1.53860861891455 	0.30795388521963 	0.63197492966811 	0.670265946810638 	1 	0.759048190361928 	1
GO:0019842 	vitamin binding 	0.0088528891529567 	21 	0.821366676845354 	0.84343851552172 	0.999999977174277 	163211 	10 	93 	0.716914410246921 	0.907485202267668 	0.971118550997359 	0.588082383523295 	1 	0.929814037192562 	1
GO:0030742 	GTP-dependent protein binding 	0.0029128225098871 	6 	0.713247140812 	0.844067324601989 	0.999999977174277 	72954 	4 	14 	1.90494400437039 	0.146369253555486 	0.458159670332047 	0.837832433513297 	1 	0.634473105378924 	1
GO:0019212 	phosphatase inhibitor activity 	0.0025018777553975 	5 	0.692001012168998 	0.846931502361415 	0.999999977174277 	85326 	4 	17 	1.56877741536385 	0.24424662916689 	0.567869829754906 	0.688062387522495 	1 	0.491501699660068 	1
GO:1901681 	sulfur compound binding 	0.017565388729621 	44 	0.867356669312984 	0.84754570637456 	0.999999977174277 	173417 	22 	113 	1.29805918881876 	0.116351508363063 	0.405797378921421 	0.674265146970606 	1 	0.967606478704259 	1
GO:0015631 	tubulin binding 	0.0312119733476357 	81 	0.898600389676001 	0.849236410920357 	0.999999977174277 	111028 	42 	221 	1.2670894508708 	0.0596152392177089 	0.290666889812865 	0.378924215156969 	0.915625748570422 	0.826034793041392 	1
GO:0016746 	acyltransferase activity 	0.0436555795912881 	115 	0.912138722498701 	0.854575460587411 	0.999999977174277 	185401 	57 	400 	0.950090822179732 	0.685998789196591 	0.862793435256389 	0.993001399720056 	1 	0.99880023995201 	1
GO:0042626 	ATPase-coupled transmembrane transporter activity 	0.00661208174175655 	15 	0.785517484512331 	0.8559481379725 	0.999999977174277 	86402 	8 	70 	0.761977601748156 	0.843533237318774 	0.944970778515336 	0.501899620075985 	1 	0.905418916216757 	1
GO:0017076 	purine nucleotide binding 	0.144939497682788 	399 	0.953210801373221 	0.856004633885782 	0.999999977174277 	153513 	191 	1300 	0.979580820708928 	0.640125919688832 	0.859492507234185 	0.919816036792641 	1 	1 	1
GO:0048306 	calcium-dependent protein binding 	0.00382049459535791 	8 	0.725058767484939 	0.859456423194544 	0.999999977174277 	147775 	4 	30 	0.888973868706182 	0.678524543064627 	0.861930335602362 	0.672265546890622 	1 	0.731653669266147 	1
GO:0005227 	calcium-activated cation channel activity 	0.00341547449802023 	7 	0.709659145775031 	0.86147943663329 	0.999999977174277 	295061 	3 	16 	1.25011950286807 	0.438596085655009 	0.751879003980016 	0.835832833433313 	1 	0.927614477104579 	1
GO:0055106 	ubiquitin-protein transferase regulator activity 	0.00256766221107426 	5 	0.674271690252366 	0.861979973934813 	0.999999977174277 	106853 	4 	15 	1.77794773741236 	0.177200993691775 	0.483770574826407 	0.882223555288942 	1 	0.612277544491102 	1
GO:0015485 	cholesterol binding 	0.00259644735584805 	5 	0.666796472941657 	0.868163289628802 	0.999999977174277 	7839 	3 	30 	0.666730401529637 	0.848837638798908 	0.947913325346415 	0.629274145170966 	1 	0.627274545090982 	1
GO:0019003 	GDP binding 	0.00511083571109782 	11 	0.745252729931682 	0.870040629749035 	0.999999977174277 	80107 	7 	39 	1.19669559248909 	0.367050041514176 	0.687490553947187 	0.65626874625075 	1 	0.81003799240152 	1
GO:0003678 	DNA helicase activity 	0.00305592643267478 	6 	0.679846970351104 	0.873678998552967 	0.999999977174277 	17416 	5 	42 	0.793726668487663 	0.7757958227841 	0.897827227437951 	0.70245950809838 	1 	0.661667666466707 	1
GO:0019900 	kinase binding 	0.0592032871120526 	157 	0.91824092104101 	0.873999188557378 	0.999999977174277 	134272 	74 	390 	1.26507819777418 	0.0175546316822415 	0.170255879877082 	0.947210557888422 	1 	0.999200159968006 	1
GO:0015276 	ligand-gated monoatomic ion channel activity 	0.0204968531482462 	51 	0.861560535691518 	0.874818129998831 	0.999999977174277 	187672 	22 	102 	1.43804596408353 	0.0470236741896284 	0.254122161250445 	0.731853629274145 	1 	0.993201359728054 	1
GO:0022834 	ligand-gated channel activity 	0.0204968531482462 	51 	0.861560535691518 	0.874818129998831 	0.999999977174277 	187672 	22 	102 	1.43804596408353 	0.0470236741896284 	0.254122161250445 	0.731853629274145 	1 	0.993201359728054 	1
GO:0005245 	voltage-gated calcium channel activity 	0.00474157501425981 	10 	0.730264493908229 	0.875873247745571 	0.999999977174277 	127661 	6 	24 	1.66682600382409 	0.13920837601444 	0.446901600671233 	0.720255948810238 	1 	0.822435512897421 	1
GO:0005216 	monoatomic ion channel activity 	0.0506650189763241 	133 	0.908963077670372 	0.880580815199667 	0.999999977174277 	164099 	59 	301 	1.3068801890448 	0.0170074789567489 	0.167240209741364 	0.828234353129374 	1 	1 	1
GO:0008374 	O-acyltransferase activity 	0.00478094553366275 	10 	0.724250852417387 	0.881745575912678 	0.999999977174277 	116717 	6 	37 	1.08118443491292 	0.487209095565913 	0.780416379322775 	0.78504299140172 	1 	0.778044391121776 	1
GO:0008080 	N-acetyltransferase activity 	0.00436925202707689 	9 	0.713244159639287 	0.882001818131135 	0.999999977174277 	159115 	6 	38 	1.05273221294153 	0.514620383876919 	0.792067895184475 	0.923215356928614 	1 	0.823035392921416 	1
GO:0008237 	metallopeptidase activity 	0.0202233193015685 	50 	0.856091877520767 	0.882332112382889 	0.999999977174277 	102133 	22 	146 	1.00466224888027 	0.526327035507401 	0.801375357288688 	0.924815036992601 	1 	0.999800039992002 	1
GO:0008171 	O-methyltransferase activity 	0.00270580937576129 	5 	0.639846234020481 	0.889559660501441 	0.999999977174277 	115847 	2 	20 	0.666730401529637 	0.824601171283094 	0.929645906478393 	0.639672065586883 	1 	0.637272545490902 	1
GO:0140097 	catalytic activity, acting on DNA 	0.021108545164056 	52 	0.852997685357545 	0.891898536550184 	0.999999977174277 	60823 	29 	185 	1.04514495374916 	0.428989325000902 	0.751714973990305 	0.759248150369926 	1 	0.940611877624475 	1
GO:0019901 	protein kinase binding 	0.0530885939868257 	139 	0.906601405148552 	0.891930756072099 	0.999999977174277 	141640 	65 	345 	1.25615872751961 	0.0283528790709668 	0.211303561918363 	0.967006598680264 	1 	0.999400119976005 	1
GO:0030295 	protein kinase activator activity 	0.0154979967253005 	37 	0.826663895735341 	0.896111376501703 	0.999999977174277 	109332 	17 	68 	1.66682600382409 	0.0208270059836324 	0.190989005532542 	0.848630273945211 	1 	0.897620475904819 	1
GO:0005179 	hormone activity 	0.00894643222293381 	20 	0.774074802520741 	0.898856363921278 	0.999999977174277 	200420 	10 	64 	1.04176625239006 	0.497437728025379 	0.786742940025288 	0.969806038792242 	1 	0.964807038592282 	1
GO:0005109 	frizzled binding 	0.00450189841095918 	9 	0.692228745703912 	0.900824901551398 	0.999999977174277 	182755 	3 	22 	0.909177820267686 	0.661950663545548 	0.861930335602362 	0.983003399320136 	1 	0.999800039992002 	1
GO:0080025 	phosphatidylinositol-3,5-bisphosphate binding 	0.00365011648838093 	7 	0.664039825138997 	0.900895059111949 	0.999999977174277 	192003 	3 	17 	1.17658306152289 	0.480242397759606 	0.777884331578248 	0.932213557288542 	1 	0.972205558888222 	1
GO:0005319 	lipid transporter activity 	0.0114448218892975 	26 	0.786623869745087 	0.910945584041108 	0.999999977174277 	96583 	15 	102 	0.980485884602407 	0.575796534580483 	0.830272803427661 	0.92121575684863 	1 	0.940411917616477 	1
GO:0019209 	kinase activator activity 	0.015724783066261 	37 	0.814741564004085 	0.912277310681832 	0.999999977174277 	109332 	17 	73 	1.55265983917861 	0.0396258931725957 	0.243957672749546 	0.889822035592881 	1 	0.946810637872425 	1
GO:0015085 	calcium ion transmembrane transporter activity 	0.0149854456385289 	35 	0.808725603878466 	0.914292764769403 	0.999999977174277 	143200 	17 	80 	1.41680210325048 	0.0830491200225577 	0.336195797181477 	0.215756848630274 	0.710492320140623 	0.864627074585083 	1
GO:0005125 	cytokine activity 	0.0103102606175847 	23 	0.772433327833111 	0.914516077934007 	0.999999977174277 	147971 	9 	93 	0.645222969222229 	0.950873496713347 	0.990915140508805 	0.952809438112378 	1 	0.995800839832034 	1
GO:0034061 	DNA polymerase activity 	0.00547237820596797 	11 	0.696016269813767 	0.916262115002772 	0.999999977174277 	100790 	6 	35 	1.14296640262223 	0.431068191299525 	0.751714973990305 	0.835632873425315 	1 	0.937212557488502 	1
GO:0101005 	deubiquitinase activity 	0.00676280871059742 	14 	0.716809485054124 	0.920772724502737 	0.999999977174277 	94894 	10 	72 	0.92601444656894 	0.654448420924194 	0.861930335602362 	0.995400919816037 	1 	0.949410117976405 	1
GO:0106310 	protein serine kinase activity 	0.00335820505495035 	6 	0.618652611402409 	0.920958673726847 	0.999999977174277 	412794 	3 	22 	0.909177820267686 	0.661950663545548 	0.861930335602362 	0.917216556688662 	1 	0.940411917616477 	1
GO:0016462 	pyrophosphatase activity 	0.0432526529240733 	110 	0.880608242138153 	0.922907328609868 	0.999999977174277 	113746 	56 	409 	0.912882701360872 	0.792887365043175 	0.911332867977864 	0.49870025994801 	1 	0.97120575884823 	1
GO:0030145 	manganese ion binding 	0.00511554352594696 	10 	0.676878978852079 	0.922996507952055 	0.999999977174277 	55615 	4 	40 	0.666730401529637 	0.870143420742072 	0.961094449119168 	0.869426114777045 	1 	0.996800639872026 	1
GO:0032555 	purine ribonucleotide binding 	0.139608950809395 	377 	0.935041524545297 	0.925084336438725 	0.999999977174277 	156793 	182 	1225 	0.990570882272603 	0.571122048480391 	0.826900634609645 	0.939812037592482 	1 	1 	1
GO:0019211 	phosphatase activator activity 	0.00294414514571881 	5 	0.588049112176321 	0.926048029254709 	0.999999977174277 	116101 	4 	13 	2.05147815855273 	0.117874378023965 	0.407097851907159 	0.868226354729054 	1 	0.778844231153769 	1
GO:0016818 	hydrolase activity, acting on acid anhydrides, in phosphorus-containing anhydrides 	0.0433482653949018 	110 	0.87866590075273 	0.9264210050771 	0.999999977174277 	113746 	56 	412 	0.906235497224749 	0.810102816985238 	0.922110601970336 	0.504699060187962 	1 	0.972605478904219 	1
GO:0016706 	2-oxoglutarate-dependent dioxygenase activity 	0.00558136536924765 	11 	0.682425179851897 	0.927128566949348 	0.999999977174277 	84364 	7 	41 	1.13832019773353 	0.419364313515372 	0.7460048592183 	0.97000599880024 	1 	0.938012397520496 	1
GO:0016817 	hydrolase activity, acting on acid anhydrides 	0.0433689180730691 	110 	0.878247471959228 	0.927163013082331 	0.999999977174277 	113746 	56 	413 	0.904041222413067 	0.815621584714979 	0.923969432854053 	0.507298540291942 	1 	0.973005398920216 	1
GO:0008170 	N-methyltransferase activity 	0.00515789367500125 	10 	0.671321298245937 	0.927218950146178 	0.999999977174277 	60749 	6 	52 	0.769304309457273 	0.812319035256951 	0.9231490801957 	0.967206558688262 	1 	0.992201559688062 	1
GO:0140326 	ATPase-coupled intramembrane lipid transporter activity 	0.00385669325093844 	7 	0.628471739123058 	0.927269006461318 	0.999999977174277 	36795 	6 	20 	2.00019120458891 	0.0671420066896351 	0.306687359588785 	0.839832033593281 	1 	0.424115176964607 	1
GO:0016796 	exonuclease activity, active with either ribo- or deoxyribonucleic acids and producing 5'-phosphomonoesters 	0.00295686624198838 	5 	0.585519194095819 	0.927653797174951 	0.999999977174277 	23071 	5 	32 	1.04176625239006 	0.535698399832665 	0.806966951237292 	0.92001599680064 	1 	0.837832433513297 	1
GO:0005343 	organic acid:sodium symporter activity 	0.00518222090934827 	10 	0.668169871313303 	0.929553382951591 	0.999999977174277 	171452 	6 	23 	1.73929669964253 	0.11865809645134 	0.407815205279362 	0.903619276144771 	1 	0.758048390321936 	1
GO:0016407 	acetyltransferase activity 	0.00524358205674906 	10 	0.660350851887518 	0.935157001270286 	0.999999977174277 	148175 	7 	57 	0.818791721176747 	0.771258258928299 	0.896635217276249 	0.916616676664667 	1 	0.794241151769646 	1
GO:0005539 	glycosaminoglycan binding 	0.0173077247749348 	40 	0.800244728441933 	0.936809944145535 	0.999999977174277 	155766 	19 	90 	1.40754195878479 	0.0737477449116974 	0.32032762820541 	0.927814437112577 	1 	0.980803839232154 	1
GO:0016410 	N-acyltransferase activity 	0.0048689474536592 	9 	0.640044592792361 	0.940230190406605 	0.999999977174277 	159115 	6 	47 	0.851145193442089 	0.726990254791828 	0.879735898018756 	0.938012397520496 	1 	0.874425114977005 	1
GO:0004527 	exonuclease activity 	0.00443999708553773 	8 	0.62389300018146 	0.941168561381363 	0.999999977174277 	30493 	8 	50 	1.06676864244742 	0.481233527162814 	0.777884331578248 	0.953209358128374 	1 	0.816836632673465 	1
GO:0032553 	ribonucleotide binding 	0.140440705776033 	377 	0.929503775160206 	0.941523589536873 	0.999999977174277 	156793 	182 	1237 	0.980961463851204 	0.628999435318606 	0.857235747902397 	0.946410717856429 	1 	1 	1
GO:0140098 	catalytic activity, acting on RNA 	0.0293449537480019 	71 	0.837775644349073 	0.945098756978515 	0.999999977174277 	119354 	29 	273 	0.708248411881299 	0.986490046173827 	0.99757083110099 	0.902619476104779 	1 	1 	1
GO:0015399 	primary active transmembrane transporter activity 	0.00749460094711565 	15 	0.693019662264129 	0.94540249030348 	0.999999977174277 	86402 	8 	81 	0.658499162004579 	0.933525169738591 	0.987489676921984 	0.646870625874825 	1 	0.951609678064387 	1
GO:0004714 	transmembrane receptor protein tyrosine kinase activity 	0.0128576209778538 	28 	0.754050136912972 	0.94942258205145 	0.999999977174277 	226515 	11 	42 	1.74619867067286 	0.0415371661828184 	0.246463235803673 	0.998400319936013 	1 	0.997000599880024 	1
GO:0005484 	SNAP receptor activity 	0.00316382074469201 	5 	0.547218720264984 	0.949743649040747 	0.999999977174277 	281516 	3 	23 	0.869648349821265 	0.692190633532921 	0.86432269584005 	0.827834433113377 	1 	0.740851829634073 	1
GO:0004725 	protein tyrosine phosphatase activity 	0.013286128246211 	29 	0.755792136012318 	0.950805409805686 	0.999999977174277 	145155 	15 	62 	1.61305742305557 	0.0378084299556665 	0.236888216005415 	0.848630273945211 	1 	0.918216356728654 	1
GO:0016763 	pentosyltransferase activity 	0.00456861231885299 	8 	0.606329210964553 	0.951560211410976 	0.999999977174277 	45575 	5 	50 	0.666730401529637 	0.888273293026404 	0.963089573449761 	0.938412317536493 	1 	0.933213357328534 	1
GO:0001786 	phosphatidylserine binding 	0.00545857867599878 	10 	0.634341663580177 	0.951849775054267 	0.999999977174277 	154867 	6 	28 	1.42870800327779 	0.235175710563419 	0.56634150707109 	0.937012597480504 	1 	0.888822235552889 	1
GO:0004857 	enzyme inhibitor activity 	0.0238410606720312 	56 	0.81332714111161 	0.952011626424303 	0.999999977174277 	173010 	28 	191 	0.977405824231928 	0.583902399410501 	0.837623035058443 	0.853429314137173 	1 	0.989202159568086 	1
GO:0017111 	ribonucleoside triphosphate phosphatase activity 	0.0378525470770552 	93 	0.850727851970675 	0.952306807959607 	0.999999977174277 	105074 	50 	369 	0.903428728359941 	0.804997714084386 	0.920740519502011 	0.571685662867427 	1 	0.96380723855229 	1
GO:0005261 	monoatomic cation channel activity 	0.0368506004705864 	90 	0.845669663589914 	0.955590959187417 	0.999999977174277 	134922 	39 	220 	1.18193116634799 	0.147739052212147 	0.458768635816668 	0.936612677464507 	1 	0.999800039992002 	1
GO:0098631 	cell adhesion mediator activity 	0.00372875468190529 	6 	0.557173239889365 	0.957228088726828 	0.999999977174277 	58607 	2 	16 	0.833413001912046 	0.716211597732161 	0.878817697043969 	0.989602079584083 	1 	0.997600479904019 	1
GO:0005246 	calcium channel regulator activity 	0.00465582511757727 	8 	0.594971467470954 	0.957643469660084 	0.999999977174277 	57224 	5 	26 	1.28217384909546 	0.349412887117159 	0.665955138886057 	0.838832233553289 	1 	0.894821035792841 	1
GO:0019902 	phosphatase binding 	0.0118902688328081 	25 	0.728033135079796 	0.959988252525127 	0.999999977174277 	79348 	16 	86 	1.24042865400863 	0.211364624976175 	0.547313835375409 	0.678664267146571 	1 	0.755648870225955 	1
GO:0019783 	ubiquitin-like protein peptidase activity 	0.00735203431883607 	14 	0.659361099137297 	0.961348459456565 	0.999999977174277 	94894 	10 	80 	0.833413001912046 	0.779520107516428 	0.900326649464325 	0.997400519896021 	1 	0.97880423915217 	1
GO:0035639 	purine ribonucleoside triphosphate binding 	0.136038673016937 	361 	0.91885636067942 	0.961794705997986 	0.999999977174277 	161566 	175 	1186 	0.983792750992297 	0.610270190904965 	0.847198617962187 	0.972805438912218 	1 	1 	1
GO:0016849 	phosphorus-oxygen lyase activity 	0.00331997063949835 	5 	0.521481099399051 	0.962142282190621 	0.999999977174277 	208409 	5 	20 	1.66682600382409 	0.169962505675148 	0.481333816072019 	0.933413317336533 	1 	0.616876624675065 	1
GO:0043539 	protein serine/threonine kinase activator activity 	0.00964473822802511 	19 	0.682128142089366 	0.968795685167899 	0.999999977174277 	123396 	9 	37 	1.62177665236939 	0.0920645474139006 	0.355067364368762 	0.862427514497101 	1 	0.802639472105579 	1
GO:0004177 	aminopeptidase activity 	0.00391194423521223 	6 	0.53108178490103 	0.968870061765751 	0.999999977174277 	154896 	3 	23 	0.869648349821265 	0.692190633532921 	0.86432269584005 	0.971805638872226 	1 	0.979404119176165 	1
GO:0000287 	magnesium ion binding 	0.0181666453134551 	40 	0.762409089487042 	0.968890449270475 	0.999999977174277 	121461 	24 	140 	1.14296640262223 	0.270053162101268 	0.599365638770213 	0.933213357328534 	1 	0.94621075784843 	1
GO:0097367 	carbohydrate derivative binding 	0.160675597574699 	428 	0.922351920393394 	0.968951358266994 	0.999999977174277 	151465 	209 	1374 	1.01416778689734 	0.420852237245961 	0.746250314299999 	0.962407518496301 	1 	1 	1
GO:0070851 	growth factor receptor binding 	0.0145802948219549 	31 	0.736204044790465 	0.969129866652706 	0.999999977174277 	205439 	11 	78 	0.94026082267 	0.636343768048064 	0.859492507234185 	0.974205158968206 	1 	0.998400319936013 	1
GO:0016765 	transferase activity, transferring alkyl or aryl (other than methyl) groups 	0.00394627052996669 	6 	0.526462215677683 	0.970697272140036 	0.999999977174277 	109246 	4 	41 	0.650468684419158 	0.88237877671328 	0.963089573449761 	0.791841631673665 	1 	0.698260347930414 	1
GO:0008092 	cytoskeletal protein binding 	0.0747780688934685 	190 	0.879796371552955 	0.971194332784401 	0.999999977174277 	134783 	100 	561 	1.18846773891201 	0.0340062630366058 	0.221375605735635 	0.928814237152569 	1 	0.999400119976005 	1
GO:0016747 	acyltransferase activity, transferring groups other than amino-acyl groups 	0.013851070833962 	29 	0.724965698819195 	0.971471331986009 	0.999999977174277 	124124 	18 	137 	0.875996147995143 	0.764232432720119 	0.896635217276249 	0.927014597080584 	1 	0.920815836832633 	1
GO:0072341 	modified amino acid binding 	0.00629616410504461 	11 	0.604949966738675 	0.972626633807863 	0.999999977174277 	140828 	7 	40 	1.16677820267686 	0.393205850010917 	0.724973285957628 	0.948810237952409 	1 	0.899620075984803 	1
GO:0008194 	UDP-glycosyltransferase activity 	0.0143578587402853 	30 	0.723493093381875 	0.974190276489781 	0.999999977174277 	103284 	13 	92 	0.942119045639704 	0.637071129082756 	0.859492507234185 	0.948410317936413 	1 	0.999000199960008 	1
GO:0001664 	G protein-coupled receptor binding 	0.016401360842998 	35 	0.738909026477584 	0.974727998498292 	0.999999977174277 	143015 	14 	141 	0.662001817121625 	0.970630798948041 	0.99451028314792 	0.96380723855229 	1 	0.999800039992002 	1
GO:0019208 	phosphatase regulator activity 	0.00725235225060631 	13 	0.620679317000208 	0.975186517683691 	0.999999977174277 	80279 	10 	50 	1.33346080305927 	0.208469355851616 	0.54711456145005 	0.920615876824635 	1 	0.859828034393121 	1
GO:0036002 	pre-mRNA binding 	0.00361046338474654 	5 	0.479523472353317 	0.978034396181602 	0.999999977174277 	60120 	3 	17 	1.17658306152289 	0.480242397759606 	0.777884331578248 	0.849830033993201 	1 	0.828234353129374 	1
GO:0003735 	structural constituent of ribosome 	0.00822326841718339 	15 	0.631610881911783 	0.978167132300412 	0.999999977174277 	67507 	9 	110 	0.545506692160612 	0.98907363173861 	0.99757083110099 	0.857228554289142 	1 	0.964007198560288 	1
GO:1990782 	protein tyrosine kinase binding 	0.0104337720336584 	20 	0.663730023417474 	0.979777630813142 	0.999999977174277 	117699 	9 	55 	1.09101338432122 	0.4448594542615 	0.755576242687248 	0.994401119776045 	1 	0.999600079984003 	1
GO:0019903 	protein phosphatase binding 	0.00877250643433001 	16 	0.631537434193888 	0.981197111638858 	0.999999977174277 	82912 	10 	60 	1.11121733588273 	0.412132022944266 	0.738359575016924 	0.817236552689462 	1 	0.875624875024995 	1
GO:0004993 	G protein-coupled serotonin receptor activity 	0.00419659017814778 	6 	0.495059617135826 	0.981309688862317 	0.999999977174277 	237633 	3 	18 	1.11121733588273 	0.520363880663561 	0.797440752185716 	0.694061187762448 	1 	0.82003599280144 	1
GO:0003779 	actin binding 	0.0324967733133949 	75 	0.79914177433635 	0.981589005660035 	0.999999977174277 	146508 	40 	235 	1.13486025792279 	0.214226837232171 	0.547313835375409 	0.984603079384123 	1 	0.999000199960008 	1
GO:0099589 	serotonin receptor activity 	0.00421662482345514 	6 	0.492707417390631 	0.98198166797218 	0.999999977174277 	237633 	3 	19 	1.05273221294153 	0.558731668814956 	0.815633034063895 	0.709258148370326 	1 	0.830233953209358 	1
GO:0032934 	sterol binding 	0.00375873071736876 	5 	0.46060813323444 	0.983493976546226 	0.999999977174277 	7839 	3 	35 	0.571483201311117 	0.913200692015896 	0.97518263943779 	0.828034393121376 	1 	0.827034593081384 	1
GO:0005509 	calcium ion binding 	0.0892701436096428 	226 	0.876607166530607 	0.983886192701784 	0.999999977174277 	251693 	85 	485 	1.16849658000039 	0.0661589840317728 	0.306147455519576 	0.972805438912218 	1 	1 	1
GO:0008017 	microtubule binding 	0.0205488063553155 	44 	0.741427837718216 	0.984560894934596 	0.999999977174277 	116461 	24 	155 	1.03235675075557 	0.466981857523514 	0.766782908538534 	0.616876624675065 	1 	0.952009598080384 	1
GO:0005217 	intracellular ligand-gated monoatomic ion channel activity 	0.00431577536420193 	6 	0.481387966598671 	0.984987528469583 	0.999999977174277 	337867 	3 	18 	1.11121733588273 	0.520363880663561 	0.797440752185716 	0.866426714657069 	1 	0.932013597280544 	1
GO:0051879 	Hsp90 protein binding 	0.00439211155352791 	6 	0.473021302293889 	0.986974213559978 	0.999999977174277 	256442 	4 	25 	1.06676864244742 	0.528919114066519 	0.801873089419905 	0.917416516696661 	1 	0.88002399520096 	1
GO:0004896 	cytokine receptor activity 	0.00687507923351872 	11 	0.554010235599651 	0.988526116832795 	0.999999977174277 	188229 	8 	59 	0.904041222413067 	0.6769746607914 	0.861930335602362 	0.900419916016797 	1 	0.597880423915217 	1
GO:0008046 	axon guidance receptor activity 	0.00394999122234746 	5 	0.438305262366955 	0.988664619196438 	0.999999977174277 	527319 	2 	7 	1.90494400437039 	0.283365799977737 	0.601800472139067 	1 	1 	1 	1
GO:0002020 	protease binding 	0.00915863567967811 	16 	0.604911735628823 	0.988796385851858 	0.999999977174277 	48035 	10 	64 	1.04176625239006 	0.497437728025379 	0.786742940025288 	0.978604279144171 	1 	0.977804439112178 	1
GO:0004672 	protein kinase activity 	0.064805906852423 	158 	0.844199918362731 	0.988980632182855 	0.999999977174277 	221011 	64 	418 	1.02083123679179 	0.449411029299468 	0.755576242687248 	0.999200159968006 	1 	1 	1
GO:0004867 	serine-type endopeptidase inhibitor activity 	0.00456267612765081 	6 	0.455338548857177 	0.990555477135607 	0.999999977174277 	178613 	5 	54 	0.617342964379293 	0.923450722447139 	0.981686353592454 	0.91501699660068 	1 	0.835632873425315 	1
GO:0140303 	intramembrane lipid transporter activity 	0.00509278107775233 	7 	0.475933027097875 	0.990951292702898 	0.999999977174277 	36795 	6 	30 	1.33346080305927 	0.289217952930803 	0.604030414970527 	0.934013197360528 	1 	0.759648070385923 	1
GO:0099106 	ion channel regulator activity 	0.0119707101828569 	22 	0.636363959655893 	0.99119478697088 	0.999999977174277 	92093 	17 	72 	1.5742245591672 	0.035134457581275 	0.224100864572457 	0.991601679664067 	1 	0.77624475104979 	1
GO:0140096 	catalytic activity, acting on a protein 	0.189432749208499 	498 	0.910284382455965 	0.991295347611178 	0.999999977174277 	176343 	224 	1503 	0.993663406138647 	0.555913566837342 	0.815633034063895 	1 	1 	1 	1
GO:0017124 	SH3 domain binding 	0.00705714806160842 	11 	0.539717210504421 	0.991380070094079 	0.999999977174277 	210715 	6 	42 	0.952472002185195 	0.617628486668127 	0.85406439172077 	1 	1 	0.998400319936013 	1
GO:0005126 	cytokine receptor binding 	0.0158313105933221 	31 	0.67802801030816 	0.991540144060975 	0.999999977174277 	180240 	11 	139 	0.527628375311223 	0.996065115612728 	0.99757083110099 	0.946610677864427 	1 	0.998600279944011 	1
GO:0000217 	DNA secondary structure binding 	0.00513140861208413 	7 	0.472350361842847 	0.991567293464638 	0.999999977174277 	126429 	5 	25 	1.33346080305927 	0.317743347457652 	0.635486694915304 	0.883623275344931 	1 	0.829234153169366 	1
GO:0051213 	dioxygenase activity 	0.00756629275886894 	12 	0.549162553731366 	0.991920083057277 	0.999999977174277 	80060 	8 	57 	0.935761967059139 	0.63748755838682 	0.859492507234185 	0.991001799640072 	1 	0.970405918816237 	1
GO:0140677 	molecular function activator activity 	0.0822659916254817 	203 	0.85443398100351 	0.99230695872829 	0.999999977174277 	173928 	96 	533 	1.20086526354306 	0.0292626078469034 	0.213586869645439 	0.994001199760048 	1 	0.999800039992002 	1
GO:0003924 	GTPase activity 	0.0200676596038983 	41 	0.707440537685779 	0.992343463458506 	0.999999977174277 	107383 	25 	207 	0.805229953538209 	0.903362881690666 	0.971073189668307 	0.782243551289742 	1 	0.945810837832433 	1
GO:0140375 	immune receptor activity 	0.00715498852647947 	11 	0.532336879623493 	0.992625172835195 	0.999999977174277 	188229 	8 	62 	0.860297292296305 	0.73099209820521 	0.881673603968124 	0.905418916216757 	1 	0.622075584883023 	1
GO:0042578 	phosphoric ester hydrolase activity 	0.0364848701542998 	82 	0.778222635313609 	0.992822271740453 	0.999999977174277 	128915 	43 	253 	1.13317815279741 	0.207189145114673 	0.54711456145005 	0.95620875824835 	1 	0.999400119976005 	1
GO:0016758 	hexosyltransferase activity 	0.0188970486580875 	38 	0.696293636901381 	0.992826055713561 	0.999999977174277 	168125 	19 	122 	1.03835062533304 	0.467867537413343 	0.766782908538534 	0.992201559688062 	1 	0.998200359928014 	1
GO:0015175 	neutral L-amino acid transmembrane transporter activity 	0.0047127773742649 	6 	0.440836084941072 	0.992916243712681 	0.999999977174277 	87805 	5 	31 	1.07537161537038 	0.505975154885639 	0.786742940025288 	0.99880023995201 	1 	0.992601479704059 	1
GO:0042562 	hormone binding 	0.00861809145291745 	14 	0.562496401418649 	0.993332238387575 	0.999999977174277 	124273 	5 	49 	0.680337144417997 	0.877550397922448 	0.962698608488399 	0.978604279144171 	1 	0.999600079984003 	1
GO:0003684 	damaged DNA binding 	0.00475770826706561 	6 	0.436672912723834 	0.993505950211906 	0.999999977174277 	72870 	5 	40 	0.833413001912046 	0.736973682134622 	0.887376474406994 	0.78244351129774 	1 	0.710657868426315 	1
GO:0004713 	protein tyrosine kinase activity 	0.0177639185697782 	35 	0.682231993228426 	0.993630297707057 	0.999999977174277 	200853 	16 	87 	1.22617085338784 	0.22531995326768 	0.551670797164306 	0.999400119976005 	1 	0.99880023995201 	1
GO:0005158 	insulin receptor binding 	0.00424064063844505 	5 	0.408264242756727 	0.993686542757162 	0.999999977174277 	131007 	3 	16 	1.25011950286807 	0.438596085655009 	0.751879003980016 	0.989202159568086 	1 	0.986402719456109 	1
GO:0016247 	channel regulator activity 	0.0122439681734992 	22 	0.622161739062974 	0.993767399897209 	0.999999977174277 	92093 	17 	75 	1.51125557680051 	0.0498258271737103 	0.254122161250445 	0.993401319736053 	1 	0.803639272145571 	1
GO:0099094 	ligand-gated monoatomic cation channel activity 	0.0105214577284435 	18 	0.59237865526562 	0.994137261209364 	0.999999977174277 	173688 	9 	64 	0.937589627151052 	0.636678944578053 	0.859492507234185 	0.966006798640272 	1 	0.997000599880024 	1
GO:0030215 	semaphorin receptor binding 	0.00590043276285232 	8 	0.46947117505225 	0.994798750687555 	0.999999977174277 	194971 	4 	18 	1.4816231145103 	0.279634983239834 	0.601800472139067 	0.712657468506299 	1 	0.937812437512498 	1
GO:0097110 	scaffold protein binding 	0.00541100264100435 	7 	0.447943361977651 	0.994978721818543 	0.999999977174277 	56580 	5 	34 	0.980485884602407 	0.592503057036336 	0.838700238234915 	0.986002799440112 	1 	0.919016196760648 	1
GO:0004721 	phosphoprotein phosphatase activity 	0.0198652043419682 	39 	0.679789389134255 	0.995996255860231 	0.999999977174277 	121312 	21 	126 	1.11121733588273 	0.335297904027688 	0.664960549164155 	0.956608678264347 	1 	0.994201159768046 	1
GO:0008201 	heparin binding 	0.0117348801853191 	20 	0.590138769793018 	0.996212720952692 	0.999999977174277 	124634 	15 	64 	1.56264937858509 	0.0486555233062929 	0.254122161250445 	0.961007798440312 	1 	0.892021595680864 	1
GO:0008138 	protein tyrosine/serine/threonine phosphatase activity 	0.00505059528891429 	6 	0.411349991045593 	0.996346935660629 	0.999999977174277 	170362 	3 	40 	0.500047801147228 	0.951603129142059 	0.990915140508805 	0.919816036792641 	1 	0.958008398320336 	1
GO:0005548 	phospholipid transporter activity 	0.00453565473139646 	5 	0.381709376393633 	0.996568722683288 	0.999999977174277 	30903 	4 	43 	0.620214327004313 	0.903866146880528 	0.971073189668307 	0.954409118176365 	1 	0.901419716056789 	1
GO:0008757 	S-adenosylmethionine-dependent methyltransferase activity 	0.00954430644652823 	15 	0.544188919988399 	0.996681515609634 	0.999999977174277 	196079 	8 	98 	0.544269715534397 	0.98551520366061 	0.99757083110099 	0.991401719656069 	1 	0.998200359928014 	1
GO:0004970 	glutamate-gated receptor activity 	0.00666036231498789 	9 	0.467893988783758 	0.996721868144523 	0.999999977174277 	90857 	3 	15 	1.33346080305927 	0.395727777987096 	0.725194825416453 	0.876424715056989 	1 	0.994001199760048 	1
GO:0019905 	syntaxin binding 	0.00511660658091289 	6 	0.406043008000653 	0.996797590262338 	0.999999977174277 	157558 	4 	39 	0.683826052850909 	0.856826446881327 	0.95047975641456 	0.967006598680264 	1 	0.928614277144571 	1
GO:0016798 	hydrolase activity, acting on glycosyl bonds 	0.0105450890750913 	17 	0.558214971052468 	0.997032056191173 	0.999999977174277 	213388 	8 	90 	0.592649245804121 	0.969526760940861 	0.99451028314792 	0.934413117376525 	1 	0.980603879224155 	1
GO:0005525 	GTP binding 	0.0229108846933258 	45 	0.680101081215022 	0.997753890217377 	0.999999977174277 	103260 	29 	249 	0.776513319050581 	0.947336463778235 	0.990715238338243 	0.934413117376525 	1 	0.97620475904819 	1
GO:0008066 	glutamate receptor activity 	0.00935276912434322 	14 	0.518311247173366 	0.997853643322698 	0.999999977174277 	79461 	6 	20 	2.00019120458891 	0.0671420066896351 	0.306687359588785 	0.863627274545091 	1 	0.993201359728054 	1
GO:0005104 	fibroblast growth factor receptor binding 	0.00537389183428217 	6 	0.386602929671234 	0.998095544050537 	0.999999977174277 	401882 	4 	20 	1.33346080305927 	0.352178970068026 	0.665955138886057 	0.998200359928014 	1 	0.970405918816237 	1
GO:0005003 	ephrin receptor activity 	0.00538329592993018 	6 	0.385927571865207 	0.998131734698683 	0.999999977174277 	307823 	3 	12 	1.66682600382409 	0.264089383559092 	0.58982739293324 	0.999400119976005 	1 	0.989202159568086 	1
GO:0004222 	metalloendopeptidase activity 	0.0132015471332885 	22 	0.577033014005413 	0.99826817148471 	0.999999977174277 	109266 	13 	87 	0.996263818377618 	0.552035057160148 	0.815633034063895 	0.998000399920016 	1 	0.99880023995201 	1
GO:0030545 	signaling receptor regulator activity 	0.0444986004415206 	97 	0.754793572931994 	0.998662287442444 	0.999999977174277 	187356 	49 	268 	1.21902200279672 	0.0783251468524866 	0.330084547449765 	0.998400319936013 	1 	0.99880023995201 	1
GO:0004553 	hydrolase activity, hydrolyzing O-glycosyl compounds 	0.00927888776538162 	13 	0.485121186436305 	0.998903216582789 	0.999999977174277 	243866 	5 	72 	0.46300722328447 	0.988396545458079 	0.99757083110099 	0.969606078784243 	1 	0.998400319936013 	1
GO:0016787 	hydrolase activity 	0.175586766813044 	445 	0.877548321965742 	0.999059910509231 	0.999999977174277 	135681 	215 	1577 	0.908985645712567 	0.9517264061384 	0.990915140508805 	0.98620275944811 	1 	1 	1
GO:0016791 	phosphatase activity 	0.0275111723977144 	54 	0.679653366694823 	0.999082631311835 	0.999999977174277 	126778 	28 	192 	0.972315168897387 	0.59568583066369 	0.838700238234915 	0.986402719456109 	1 	1 	1
GO:0005198 	structural molecule activity 	0.030934746682532 	62 	0.693981569160345 	0.999179353211087 	0.999999977174277 	130208 	31 	368 	0.5616478925929 	0.999954434861999 	0.999954434861999 	0.9750049990002 	1 	1 	1
GO:0030971 	receptor tyrosine kinase binding 	0.00709603126738773 	8 	0.390370757697186 	0.999460151770706 	0.999999977174277 	123285 	5 	39 	0.854782566063637 	0.715803512708083 	0.878817697043969 	1 	1 	0.999600079984003 	1
GO:0030695 	GTPase regulator activity 	0.0399849430663179 	83 	0.718760863075356 	0.999480776999776 	0.999999977174277 	114722 	38 	276 	0.917962147033558 	0.742975993824264 	0.891571192589117 	0.975404919016197 	1 	0.999800039992002 	1
GO:0060589 	nucleoside-triphosphatase regulator activity 	0.0399849430663179 	83 	0.718760863075356 	0.999480776999776 	0.999999977174277 	114722 	38 	276 	0.917962147033558 	0.742975993824264 	0.891571192589117 	0.975404919016197 	1 	0.999800039992002 	1
GO:0032561 	guanyl ribonucleotide binding 	0.024315707986125 	45 	0.640808709350136 	0.999530139930023 	0.999999977174277 	103260 	29 	259 	0.746532109820829 	0.969297556882328 	0.99451028314792 	0.959208158368326 	1 	0.987202559488102 	1
GO:0005516 	calmodulin binding 	0.0122333856823826 	18 	0.509481769187181 	0.999538775749814 	0.999999977174277 	210316 	12 	64 	1.25011950286807 	0.245227571605863 	0.567869829754906 	0.866626674665067 	1 	0.915816836632673 	1
GO:0005201 	extracellular matrix structural constituent 	0.00556504468812507 	5 	0.311102971509375 	0.999630750956138 	0.999999977174277 	84169 	2 	35 	0.380988800874078 	0.975812751551414 	0.995662052685437 	0.986402719456109 	1 	0.986402719456109 	1
GO:0045296 	cadherin binding 	0.0118962626942616 	17 	0.49481309753165 	0.99963428638607 	0.999999977174277 	213701 	9 	35 	1.71444960393335 	0.0685800978831469 	0.31124813654659 	1 	1 	0.997800439912018 	1
GO:0004722 	protein serine/threonine phosphatase activity 	0.00736115390791092 	8 	0.376310988351447 	0.999681660452381 	0.999999977174277 	52378 	5 	54 	0.617342964379293 	0.923450722447139 	0.981686353592454 	0.982803439312138 	1 	0.99500099980004 	1
GO:0019001 	guanyl nucleotide binding 	0.0248746096150505 	45 	0.626410532372565 	0.99975751511681 	0.999999977174277 	103260 	29 	263 	0.735178009291234 	0.975531398175851 	0.995662052685437 	0.967206558688262 	1 	0.99120175964807 	1
GO:0004523 	RNA-DNA hybrid ribonuclease activity 	0.00966782362962711 	12 	0.429789041765947 	0.999771266422456 	0.999999977174277 	153032 	5 	56 	0.595295001365747 	0.937045487994983 	0.987489676921984 	0.995400919816037 	1 	0.999400119976005 	1
GO:0051015 	actin filament binding 	0.0123274593186718 	17 	0.477505253972478 	0.99982012698538 	0.999999977174277 	59057 	12 	100 	0.800076481835564 	0.837345909278125 	0.939525996464204 	0.989202159568086 	1 	0.989802039592082 	1
GO:0004540 	RNA nuclease activity 	0.0150639829091134 	22 	0.505691527786278 	0.999890854210669 	0.999999977174277 	120230 	11 	112 	0.654824501502322 	0.959335828378726 	0.994127514588377 	0.992001599680064 	1 	0.997600479904019 	1
GO:0000149 	SNARE binding 	0.00845714819905585 	9 	0.368486328601007 	0.999892801313691 	0.999999977174277 	251239 	6 	58 	0.689721105030659 	0.885362657020033 	0.963089573449761 	0.993601279744051 	1 	0.984603079384123 	1
GO:0016891 	RNA endonuclease activity, producing 5'-phosphomonoesters 	0.0112401299827872 	14 	0.431280193092644 	0.99991379648496 	0.999999977174277 	135163 	7 	68 	0.686340119221685 	0.901510674455429 	0.971073189668307 	0.992601479704059 	1 	0.99500099980004 	1
GO:0050839 	cell adhesion molecule binding 	0.0303529864883263 	55 	0.627428254447526 	0.999939112568181 	0.999999977174277 	120593 	29 	128 	1.51056106596558 	0.0134469009155782 	0.142095609675065 	1 	1 	1 	1
GO:0030546 	signaling receptor activator activity 	0.0422641521366989 	83 	0.679999733471771 	0.999944285119031 	0.999999977174277 	156254 	47 	255 	1.22887564203502 	0.0747667675977411 	0.322773606458541 	0.999600079984003 	1 	0.996600679864027 	1
GO:0061135 	endopeptidase regulator activity 	0.00885308234829861 	9 	0.352006608286391 	0.99995197084024 	0.999999977174277 	152203 	8 	89 	0.599308226094055 	0.966663858594599 	0.99451028314792 	0.990801839632074 	1 	0.958008398320336 	1
GO:0005085 	guanyl-nucleotide exchange factor activity 	0.0217919241857649 	35 	0.55612865895173 	0.999958732560878 	0.999999977174277 	59372 	20 	151 	0.883086624542565 	0.760709728886687 	0.896635217276249 	0.975404919016197 	1 	0.999000199960008 	1
GO:0048018 	receptor ligand activity 	0.0413131120222381 	80 	0.670509425918336 	0.999959207316097 	0.999999977174277 	157687 	46 	250 	1.22678393881453 	0.0789551961894119 	0.330770881077536 	0.999600079984003 	1 	0.995800839832034 	1
GO:0061134 	peptidase regulator activity 	0.010605022883772 	12 	0.391807231278856 	0.999960429514913 	0.999999977174277 	150230 	10 	111 	0.600658019396069 	0.977939949045123 	0.995662052685437 	0.996000799840032 	1 	0.986802639472106 	1
GO:0004866 	endopeptidase inhibitor activity 	0.00840442797764399 	8 	0.329598053533396 	0.999963012597395 	0.999999977174277 	166796 	7 	85 	0.549072095377348 	0.978786424673819 	0.995662052685437 	0.99380123975205 	1 	0.978604279144171 	1
GO:0030246 	carbohydrate binding 	0.0122519487751105 	15 	0.423924872076333 	0.999964725114899 	0.999999977174277 	100933 	11 	80 	0.91675430210325 	0.670506342950817 	0.861930335602362 	0.999600079984003 	1 	0.936612677464507 	1
GO:0030234 	enzyme regulator activity 	0.0877510342186388 	195 	0.769458459657982 	0.999970559400992 	0.999999977174277 	128363 	98 	661 	0.988495905444847 	0.568140330105526 	0.824269167448182 	0.998600279944011 	1 	1 	1
GO:0005102 	signaling receptor binding 	0.115686502995193 	266 	0.796162566706002 	0.999980565097851 	0.999999977174277 	170075 	127 	705 	1.20106043963495 	0.0137124468521597 	0.142770770166604 	1 	1 	1 	1
GO:0004521 	RNA endonuclease activity 	0.0120967119926167 	14 	0.400740749413697 	0.999982199640172 	0.999999977174277 	135163 	7 	81 	0.576186766754007 	0.96889974108236 	0.99451028314792 	0.99620075984803 	1 	0.998000399920016 	1
GO:0016893 	endonuclease activity, active with either ribo- or deoxyribonucleic acids and producing 5'-phosphomonoesters 	0.0121368879731964 	14 	0.399414202394274 	0.999983494950979 	0.999999977174277 	135163 	7 	73 	0.63933052201472 	0.93564565449821 	0.987489676921984 	0.999200159968006 	1 	0.99880023995201 	1
GO:0030414 	peptidase inhibitor activity 	0.0089087331796482 	8 	0.310940180453632 	0.999987408708625 	0.999999977174277 	166796 	7 	94 	0.496501362841219 	0.991384186641628 	0.99757083110099 	0.99880023995201 	1 	0.994201159768046 	1
GO:0004518 	nuclease activity 	0.0198128109186472 	28 	0.48934454068811 	0.999994234192494 	0.999999977174277 	100347 	17 	161 	0.704001045093405 	0.96042827680572 	0.994127514588377 	0.99880023995201 	1 	0.996600679864027 	1
GO:0016788 	hydrolase activity, acting on ester bonds 	0.0663889677462828 	136 	0.709325876587665 	0.999994850440689 	0.999999977174277 	124378 	70 	546 	0.854782566063637 	0.937483202094422 	0.987489676921984 	0.991401719656069 	1 	1 	1
GO:0045499 	chemorepellent activity 	0.00932452800227352 	7 	0.259940526114615 	0.999998742847779 	0.999999977174277 	494998 	3 	13 	1.53860861891455 	0.30795388521963 	0.63197492966811 	0.999800039992002 	1 	0.999800039992002 	1
GO:0004519 	endonuclease activity 	0.0154987204869545 	16 	0.357459585754152 	0.999999795879298 	0.999999977174277 	121042 	9 	113 	0.531024213607675 	0.991778013035835 	0.99757083110099 	0.999800039992002 	1 	0.999800039992002 	1
GO:0098772 	molecular function regulator activity 	0.141361268123844 	310 	0.759336143812516 	0.999999977174277 	0.999999977174277 	152436 	164 	1017 	1.07516013619332 	0.158606603404562 	0.472202040808154 	1 	1 	1 	1
